{"producer":{"name":"Blender","version":"2.79 (sub 0)","exporter_version":"5.6.4","file":"simpleMan2_6.babylon"},
"autoClear":true,"clearColor":[0,0,0],"ambientColor":[0.2,0.2,0.3],"gravity":[0,-9.81,0],
"materials":[{"name":"simpleMan2_6.Material.001","id":"simpleMan2_6.Material.001","ambient":[0.5868,0.5868,0.5868],"diffuse":[0.5868,0.5868,0.5868],"specular":[0,0,0],"emissive":[0,0,0],"specularPower":28,"alpha":1,"backFaceCulling":true,"checkReadyOnlyOnce":false,"maxSimultaneousLights":4, 
"diffuseTexture":{"name":"OMO1.PNG","level":1,"hasAlpha":1,"coordinatesMode":0,"uOffset":0,"vOffset":0,"uScale":1,"vScale":1,"uAng":0,"vAng":0,"wAng":0,"wrapU":1,"wrapV":1,"coordinatesIndex":0}}],
"multiMaterials":[],
"skeletons":[{"name":"Armature","id":0,"dimensionsAtRest":[1.2221,4.9078,1.3266],"bones":[
{"name":"root","index":0,"matrix":[-1,0,0,0,0,-0.4068,-0.9135,0,0,0.9135,-0.4068,0,-0.001,0.8389,1.0138,1],"rest":[-1,0,0,0,0,-0.4068,-0.9135,0,0,0.9135,-0.4068,0,-0.001,0.7757,1.0138,1],"parentBoneIndex":-1,"length":0.7774
,"animation":{"dataType":3,"framePerSecond":24,"keys":[
{"frame":1,"values":[-1,0,0,0,0,-0.4068,-0.9135,0,0,0.9135,-0.4068,0,-0.001,0.8389,1.0138,1]},
{"frame":2,"values":[-1,0,0,0,0,-0.4068,-0.9135,0,0,0.9135,-0.4068,0,-0.001,0.8829,1.0138,1]},
{"frame":4,"values":[-1,0,0,0,0,-0.4068,-0.9135,0,0,0.9135,-0.4068,0,-0.001,0.9159,1.0138,1]},
{"frame":5,"values":[-1,0,0,0,0,-0.4068,-0.9135,0,0,0.9135,-0.4068,0,-0.001,0.8389,1.0138,1]},
{"frame":6,"values":[-1,0,0,0,0,-0.4068,-0.9135,0,0,0.9135,-0.4068,0,-0.001,0.8829,1.0138,1]},
{"frame":8,"values":[-1,0,0,0,0,-0.4068,-0.9135,0,0,0.9135,-0.4068,0,-0.001,0.9159,1.0138,1]},
{"frame":9,"values":[-1,0,0,0,0,-0.4068,-0.9135,0,0,0.9135,-0.4068,0,-0.001,0.8389,1.0138,1]}],"loopBehavior":1,"name":"anim","property":"_matrix"}},
{"name":"bacino","index":1,"matrix":[0.9998,0.02,0.0003,0,0,-0.0131,0.9999,0,0.02,-0.9997,-0.0131,0,-0.0013,0.9103,0.1332,1],"rest":[1,0,0,0,0,-0.1353,0.9908,0,0,-0.9908,-0.1353,0,-0.0013,0.9103,0.1332,1],"parentBoneIndex":0,"length":0.4486
,"animation":{"dataType":3,"framePerSecond":24,"keys":[
{"frame":1,"values":[0.9998,0.02,0.0003,0,0,-0.0131,0.9999,0,0.02,-0.9997,-0.0131,0,-0.0013,0.9103,0.1332,1]},
{"frame":2,"values":[0.9999,0.0172,0.0002,0,0,-0.0132,0.9999,0,0.0172,-0.9998,-0.0131,0,-0.0013,0.9103,0.1332,1]},
{"frame":3,"values":[1,0.01,0.0001,0,0,-0.0132,0.9999,0,0.01,-0.9999,-0.0132,0,-0.0013,0.9103,0.1332,1]},
{"frame":4,"values":[1,0.0028,0,0,0,-0.0133,0.9999,0,0.0028,-0.9999,-0.0133,0,-0.0013,0.9103,0.1332,1]},
{"frame":5,"values":[1,0,0,0,0,-0.0133,0.9999,0,0,-0.9999,-0.0133,0,-0.0013,0.9103,0.1332,1]},
{"frame":6,"values":[1,0.0028,0,0,0,-0.0133,0.9999,0,0.0028,-0.9999,-0.0133,0,-0.0013,0.9103,0.1332,1]},
{"frame":7,"values":[1,0.01,0.0001,0,0,-0.0132,0.9999,0,0.01,-0.9999,-0.0132,0,-0.0013,0.9103,0.1332,1]},
{"frame":8,"values":[0.9999,0.0172,0.0002,0,0,-0.0132,0.9999,0,0.0172,-0.9998,-0.0131,0,-0.0013,0.9103,0.1332,1]},
{"frame":9,"values":[0.9998,0.02,0.0003,0,0,-0.0131,0.9999,0,0.02,-0.9997,-0.0131,0,-0.0013,0.9103,0.1332,1]}],"loopBehavior":1,"name":"anim","property":"_matrix"}},
{"name":"addome","index":2,"matrix":[1,-0.0092,0.0021,0,0.0088,0.9876,0.1569,0,-0.0035,-0.1569,0.9876,0,0,0.4486,0,1],"rest":[1,0,0,0,0,0.9876,0.1569,0,0,-0.1569,0.9876,0,0,0.4486,0,1],"parentBoneIndex":1,"length":0.522
,"animation":{"dataType":3,"framePerSecond":24,"keys":[
{"frame":1,"values":[1,-0.0092,0.0021,0,0.0088,0.9876,0.1569,0,-0.0035,-0.1569,0.9876,0,0,0.4486,0,1]},
{"frame":2,"values":[1,-0.0091,0.002,0,0.0086,0.9857,0.1681,0,-0.0035,-0.1681,0.9858,0,0,0.4486,0,1]},
{"frame":3,"values":[1,-0.009,0.0019,0,0.0085,0.9838,0.1793,0,-0.0035,-0.1792,0.9838,0,0,0.4486,0,1]},
{"frame":4,"values":[1,-0.0091,0.002,0,0.0086,0.9857,0.1681,0,-0.0035,-0.1681,0.9858,0,0,0.4486,0,1]},
{"frame":5,"values":[1,-0.0092,0.0021,0,0.0088,0.9876,0.1569,0,-0.0035,-0.1569,0.9876,0,0,0.4486,0,1]},
{"frame":6,"values":[1,-0.0091,0.0019,0,0.0086,0.9838,0.1793,0,-0.0035,-0.1792,0.9838,0,0,0.4486,0,1]},
{"frame":7,"values":[1,-0.009,0.0017,0,0.0084,0.9795,0.2015,0,-0.0035,-0.2015,0.9795,0,0,0.4486,0,1]},
{"frame":8,"values":[1,-0.0091,0.0019,0,0.0086,0.9838,0.1793,0,-0.0035,-0.1792,0.9838,0,0,0.4486,0,1]},
{"frame":9,"values":[1,-0.0092,0.0021,0,0.0088,0.9876,0.1569,0,-0.0035,-0.1569,0.9876,0,0,0.4486,0,1]}],"loopBehavior":1,"name":"anim","property":"_matrix"}},
{"name":"schiena","index":3,"matrix":[-0.9978,-0.0632,0.0222,0,-0.0493,0.9173,0.3952,0,-0.0454,0.3932,-0.9183,0,0,0.522,0,1],"rest":[-1,0,0,0,0,0.9166,0.3998,0,0,0.3998,-0.9166,0,0,0.522,0,1],"parentBoneIndex":2,"length":0.5893
,"animation":{"dataType":3,"framePerSecond":24,"keys":[
{"frame":1,"values":[-0.9978,-0.0632,0.0222,0,-0.0493,0.9173,0.3952,0,-0.0454,0.3932,-0.9183,0,0,0.522,0,1]},
{"frame":2,"values":[-0.9988,-0.0457,0.0161,0,-0.0357,0.918,0.3949,0,-0.0328,0.3939,-0.9186,0,0,0.522,0,1]},
{"frame":3,"values":[-1,0,0,0,0,0.9188,0.3947,0,0,0.3947,-0.9188,0,0,0.522,0,1]},
{"frame":4,"values":[-0.9988,0.0457,-0.0161,0,0.0357,0.918,0.3949,0,0.0328,0.3939,-0.9186,0,0,0.522,0,1]},
{"frame":5,"values":[-0.9978,0.0632,-0.0222,0,0.0493,0.9173,0.3952,0,0.0454,0.3932,-0.9183,0,0,0.522,0,1]},
{"frame":6,"values":[-0.9988,0.0457,-0.0161,0,0.0357,0.918,0.3949,0,0.0328,0.3939,-0.9186,0,0,0.522,0,1]},
{"frame":7,"values":[-1,0,0,0,0,0.9188,0.3947,0,0,0.3947,-0.9188,0,0,0.522,0,1]},
{"frame":8,"values":[-0.9988,-0.0457,0.0161,0,-0.0357,0.918,0.3949,0,-0.0328,0.3939,-0.9186,0,0,0.522,0,1]},
{"frame":9,"values":[-0.9978,-0.0632,0.0222,0,-0.0493,0.9173,0.3952,0,-0.0454,0.3932,-0.9183,0,0,0.522,0,1]}],"loopBehavior":1,"name":"anim","property":"_matrix"}},
{"name":"collo","index":4,"matrix":[-1,-0.0033,0.0064,0,0,0.8848,0.466,0,-0.0072,0.4659,-0.8848,0,0,0.5893,0,1],"rest":[-1,0,0,0,0,0.8848,0.466,0,0,0.466,-0.8848,0,0,0.5893,0,1],"parentBoneIndex":3,"length":0.2281
,"animation":{"dataType":3,"framePerSecond":24,"keys":[
{"frame":1,"values":[-1,-0.0033,0.0064,0,0,0.8848,0.466,0,-0.0072,0.4659,-0.8848,0,0,0.5893,0,1]},
{"frame":9,"values":[-1,-0.0033,0.0064,0,0,0.8848,0.466,0,-0.0072,0.4659,-0.8848,0,0,0.5893,0,1]}],"loopBehavior":1,"name":"anim","property":"_matrix"}},
{"name":"testa","index":5,"matrix":[-0.9998,0.0058,-0.0184,0,0.0009,0.9668,0.2555,0,0.0192,0.2554,-0.9666,0,0,0.2281,0,1],"rest":[-1,0,0,0,0,0.9668,0.2555,0,0,0.2555,-0.9668,0,0,0.2281,0,1],"parentBoneIndex":4,"length":0.5752
,"animation":{"dataType":3,"framePerSecond":24,"keys":[
{"frame":1,"values":[-0.9998,0.0058,-0.0184,0,0.0009,0.9668,0.2555,0,0.0192,0.2554,-0.9666,0,0,0.2281,0,1]},
{"frame":9,"values":[-0.9998,0.0058,-0.0184,0,0.0009,0.9668,0.2555,0,0.0192,0.2554,-0.9666,0,0,0.2281,0,1]}],"loopBehavior":1,"name":"anim","property":"_matrix"}},
{"name":"bicipite_L","index":6,"matrix":[-0.9844,0.1758,-0.008,0,-0.1713,-0.9676,-0.1853,0,-0.0403,-0.181,0.9827,0,-0.4383,0.3926,-0.1353,1],"rest":[-0.989,0.1435,0.0362,0,-0.148,-0.959,-0.2419,0,0,-0.2446,0.9696,0,-0.4383,0.3926,-0.1353,1],"parentBoneIndex":3,"length":0.7817
,"animation":{"dataType":3,"framePerSecond":24,"keys":[
{"frame":1,"values":[-0.9844,0.1758,-0.008,0,-0.1713,-0.9676,-0.1853,0,-0.0403,-0.181,0.9827,0,-0.4383,0.3926,-0.1353,1]},
{"frame":2,"values":[-0.9847,0.1741,-0.0032,0,-0.1715,-0.9726,-0.1573,0,-0.0305,-0.1543,0.9876,0,-0.4383,0.3926,-0.1353,1]},
{"frame":3,"values":[-0.9853,0.1682,0.0295,0,-0.1702,-0.9532,-0.2499,0,-0.0139,-0.2513,0.9678,0,-0.4383,0.3926,-0.1353,1]},
{"frame":4,"values":[-0.9852,0.1494,0.0843,0,-0.1713,-0.8813,-0.4405,0,0.0085,-0.4484,0.8938,0,-0.4383,0.3926,-0.1353,1]},
{"frame":5,"values":[-0.984,0.1317,0.1199,0,-0.1754,-0.8336,-0.5238,0,0.031,-0.5365,0.8434,0,-0.4383,0.3926,-0.1353,1]},
{"frame":6,"values":[-0.9831,0.1298,0.1291,0,-0.1772,-0.852,-0.4926,0,0.0461,-0.5071,0.8606,0,-0.4383,0.3926,-0.1353,1]},
{"frame":7,"values":[-0.9845,0.1461,0.0973,0,-0.1729,-0.9029,-0.3935,0,0.0304,-0.4042,0.9142,0,-0.4383,0.3926,-0.1353,1]},
{"frame":8,"values":[-0.9854,0.1658,0.0384,0,-0.1698,-0.9427,-0.2871,0,-0.0114,-0.2895,0.9571,0,-0.4383,0.3926,-0.1353,1]},
{"frame":9,"values":[-0.9844,0.1758,-0.008,0,-0.1713,-0.9676,-0.1853,0,-0.0403,-0.181,0.9827,0,-0.4383,0.3926,-0.1353,1]}],"loopBehavior":1,"name":"anim","property":"_matrix"}},
{"name":"avambraccio_L","index":7,"matrix":[0.9979,0.0623,-0.0197,0,-0.0465,0.8882,0.4571,0,0.046,-0.4552,0.8892,0,0,0.7817,0,1],"rest":[0.9979,0.0631,-0.0128,0,-0.0605,0.9872,0.1478,0,0.0219,-0.1467,0.9889,0,0,0.7817,0,1],"parentBoneIndex":6,"length":0.6779
,"animation":{"dataType":3,"framePerSecond":24,"keys":[
{"frame":1,"values":[0.9979,0.0623,-0.0197,0,-0.0465,0.8882,0.4571,0,0.046,-0.4552,0.8892,0,0,0.7817,0,1]},
{"frame":2,"values":[0.9962,0.0713,-0.0501,0,-0.0405,0.8876,0.4589,0,0.0772,-0.4551,0.8871,0,0,0.7817,0,1]},
{"frame":3,"values":[0.9935,0.0803,-0.0804,0,-0.0344,0.887,0.4605,0,0.1083,-0.4547,0.884,0,0,0.7817,0,1]},
{"frame":4,"values":[0.9946,0.0761,-0.0711,0,-0.0391,0.9056,0.4223,0,0.0966,-0.4173,0.9036,0,0,0.7817,0,1]},
{"frame":5,"values":[0.9966,0.0672,-0.0468,0,-0.0489,0.9467,0.3184,0,0.0657,-0.315,0.9468,0,0,0.7817,0,1]},
{"frame":6,"values":[0.9978,0.0623,-0.0247,0,-0.0557,0.9761,0.21,0,0.0372,-0.2082,0.9774,0,0,0.7817,0,1]},
{"frame":7,"values":[0.998,0.0622,-0.0121,0,-0.0593,0.984,0.1679,0,0.0224,-0.1669,0.9857,0,0,0.7817,0,1]},
{"frame":8,"values":[0.9979,0.062,-0.0159,0,-0.0538,0.9472,0.3162,0,0.0347,-0.3147,0.9486,0,0,0.7817,0,1]},
{"frame":9,"values":[0.9979,0.0623,-0.0197,0,-0.0465,0.8882,0.4571,0,0.046,-0.4552,0.8892,0,0,0.7817,0,1]}],"loopBehavior":1,"name":"anim","property":"_matrix"}},
{"name":"mano_L","index":8,"matrix":[0.9944,0.1054,-0.0025,0,-0.1049,0.9859,-0.1305,0,-0.0113,0.1301,0.9914,0,0,0.6779,0,1],"rest":[0.9944,0.1054,-0.0025,0,-0.1049,0.9859,-0.1305,0,-0.0113,0.1301,0.9914,0,0,0.6779,0,1],"parentBoneIndex":7,"length":0.4166
,"animation":{"dataType":3,"framePerSecond":24,"keys":[
{"frame":1,"values":[0.9944,0.1054,-0.0025,0,-0.1049,0.9859,-0.1305,0,-0.0113,0.1301,0.9914,0,0,0.6779,0,1]},
{"frame":2,"values":[0.9614,0.2314,-0.1489,0,-0.2342,0.9722,-0.0016,0,0.1443,0.0364,0.9889,0,0,0.6779,0,1]},
{"frame":3,"values":[0.9943,0.1047,-0.0212,0,-0.1023,0.9906,0.0909,0,0.0305,-0.0882,0.9956,0,0,0.6779,0,1]},
{"frame":4,"values":[0.9944,0.1049,-0.0084,0,-0.1041,0.9922,0.0681,0,0.0155,-0.0669,0.9976,0,0,0.6779,0,1]},
{"frame":5,"values":[0.9945,0.1051,-0.0031,0,-0.1052,0.9944,-0.0112,0,0.0019,0.0115,0.9999,0,0,0.6779,0,1]},
{"frame":6,"values":[0.9944,0.1054,-0.0025,0,-0.1049,0.9859,-0.1305,0,-0.0113,0.1301,0.9914,0,0,0.6779,0,1]},
{"frame":7,"values":[0.9938,0.1108,-0.0084,0,-0.108,0.9455,-0.3072,0,-0.0261,0.3062,0.9516,0,0,0.6779,0,1]},
{"frame":8,"values":[0.9941,0.1083,-0.0054,0,-0.1068,0.9697,-0.2198,0,-0.0186,0.219,0.9755,0,0,0.6779,0,1]},
{"frame":9,"values":[0.9944,0.1054,-0.0025,0,-0.1049,0.9859,-0.1305,0,-0.0113,0.1301,0.9914,0,0,0.6779,0,1]}],"loopBehavior":1,"name":"anim","property":"_matrix"}},
{"name":"bicipite_R","index":9,"matrix":[-0.972,-0.1857,-0.1438,0,0.2342,-0.8108,-0.5364,0,-0.0169,-0.5551,0.8316,0,0.4356,0.3926,-0.1353,1],"rest":[-0.989,-0.1435,-0.0362,0,0.148,-0.959,-0.2419,0,0,-0.2446,0.9696,0,0.4356,0.3926,-0.1353,1],"parentBoneIndex":3,"length":0.7817
,"animation":{"dataType":3,"framePerSecond":24,"keys":[
{"frame":1,"values":[-0.972,-0.1857,-0.1438,0,0.2342,-0.8108,-0.5364,0,-0.0169,-0.5551,0.8316,0,0.4356,0.3926,-0.1353,1]},
{"frame":2,"values":[-0.9702,-0.1963,-0.142,0,0.242,-0.8118,-0.5314,0,-0.011,-0.55,0.8351,0,0.4356,0.3926,-0.1353,1]},
{"frame":3,"values":[-0.9629,-0.2382,-0.1266,0,0.2694,-0.8235,-0.4993,0,0.0147,-0.5149,0.8571,0,0.4356,0.3926,-0.1353,1]},
{"frame":4,"values":[-0.9815,-0.1882,-0.0351,0,0.1889,-0.9217,-0.3389,0,0.0314,-0.3393,0.9402,0,0.4356,0.3926,-0.1353,1]},
{"frame":5,"values":[-0.9929,-0.1164,0.0243,0,0.1121,-0.9843,-0.1363,0,0.0398,-0.1326,0.9904,0,0.4356,0.3926,-0.1353,1]},
{"frame":6,"values":[-0.9914,-0.1304,0.0116,0,0.1285,-0.9863,-0.1038,0,0.0249,-0.1014,0.9945,0,0.4356,0.3926,-0.1353,1]},
{"frame":7,"values":[-0.9853,-0.166,-0.0399,0,0.1707,-0.9615,-0.2152,0,-0.0027,-0.2188,0.9758,0,0.4356,0.3926,-0.1353,1]},
{"frame":8,"values":[-0.9762,-0.1854,-0.113,0,0.2165,-0.8709,-0.4412,0,-0.0166,-0.4552,0.8902,0,0.4356,0.3926,-0.1353,1]},
{"frame":9,"values":[-0.972,-0.1857,-0.1438,0,0.2342,-0.8108,-0.5364,0,-0.0169,-0.5551,0.8316,0,0.4356,0.3926,-0.1353,1]}],"loopBehavior":1,"name":"anim","property":"_matrix"}},
{"name":"avambraccio_R","index":10,"matrix":[0.9978,-0.062,0.0247,0,0.057,0.9841,0.1679,0,-0.0347,-0.1662,0.9855,0,0,0.7817,0,1],"rest":[0.9979,-0.0631,0.0128,0,0.0605,0.9872,0.1478,0,-0.022,-0.1467,0.9889,0,0,0.7817,0,1],"parentBoneIndex":9,"length":0.6779
,"animation":{"dataType":3,"framePerSecond":24,"keys":[
{"frame":1,"values":[0.9978,-0.062,0.0247,0,0.057,0.9841,0.1679,0,-0.0347,-0.1662,0.9855,0,0,0.7817,0,1]},
{"frame":2,"values":[0.9979,-0.0621,0.0184,0,0.0582,0.9841,0.1679,0,-0.0286,-0.1665,0.9856,0,0,0.7817,0,1]},
{"frame":3,"values":[0.998,-0.0622,0.0122,0,0.0593,0.984,0.1679,0,-0.0224,-0.1669,0.9857,0,0,0.7817,0,1]},
{"frame":4,"values":[0.998,-0.0618,0.0151,0,0.0539,0.9477,0.3147,0,-0.0337,-0.3133,0.9491,0,0,0.7817,0,1]},
{"frame":5,"values":[0.9979,-0.0623,0.0197,0,0.0465,0.8882,0.4571,0,-0.046,-0.4552,0.8892,0,0,0.7817,0,1]},
{"frame":6,"values":[0.9975,-0.067,0.0208,0,0.0501,0.8881,0.4569,0,-0.0491,-0.4547,0.8893,0,0,0.7817,0,1]},
{"frame":7,"values":[0.9935,-0.0803,0.0804,0,0.0344,0.887,0.4605,0,-0.1083,-0.4547,0.884,0,0,0.7817,0,1]},
{"frame":8,"values":[0.9962,-0.069,0.0533,0,0.0486,0.9468,0.3182,0,-0.0724,-0.3144,0.9465,0,0,0.7817,0,1]},
{"frame":9,"values":[0.9978,-0.062,0.0247,0,0.057,0.9841,0.1679,0,-0.0347,-0.1662,0.9855,0,0,0.7817,0,1]}],"loopBehavior":1,"name":"anim","property":"_matrix"}},
{"name":"mano_R","index":11,"matrix":[0.9944,-0.1054,0.0025,0,0.1049,0.9859,-0.1305,0,0.0113,0.1301,0.9914,0,0,0.6779,0,1],"rest":[0.9944,-0.1054,0.0025,0,0.1049,0.9859,-0.1305,0,0.0113,0.1301,0.9914,0,0,0.6779,0,1],"parentBoneIndex":10,"length":0.4166
,"animation":{"dataType":3,"framePerSecond":24,"keys":[
{"frame":1,"values":[0.9944,-0.1054,0.0025,0,0.1049,0.9859,-0.1305,0,0.0113,0.1301,0.9914,0,0,0.6779,0,1]},
{"frame":2,"values":[0.9941,-0.1083,0.0054,0,0.1068,0.9697,-0.2198,0,0.0186,0.219,0.9755,0,0,0.6779,0,1]},
{"frame":3,"values":[0.9938,-0.1108,0.0084,0,0.108,0.9455,-0.3072,0,0.0261,0.3062,0.9516,0,0,0.6779,0,1]},
{"frame":4,"values":[0.9995,0.0153,-0.0279,0,-0.0213,0.9731,-0.2295,0,0.0236,0.23,0.9729,0,0,0.6779,0,1]},
{"frame":5,"values":[0.9944,-0.1054,0.0025,0,0.1049,0.9859,-0.1305,0,0.0113,0.1301,0.9914,0,0,0.6779,0,1]},
{"frame":6,"values":[0.963,-0.226,0.1466,0,0.2424,0.9644,-0.106,0,-0.1174,0.1377,0.9835,0,0,0.6779,0,1]},
{"frame":7,"values":[0.9943,-0.1048,0.022,0,0.1025,0.9909,0.0874,0,-0.0309,-0.0846,0.9959,0,0,0.6779,0,1]},
{"frame":8,"values":[0.9944,-0.1051,0.005,0,0.1052,0.9942,-0.0217,0,-0.0027,0.0221,0.9998,0,0,0.6779,0,1]},
{"frame":9,"values":[0.9944,-0.1054,0.0025,0,0.1049,0.9859,-0.1305,0,0.0113,0.1301,0.9914,0,0,0.6779,0,1]}],"loopBehavior":1,"name":"anim","property":"_matrix"}},
{"name":"gamba_L","index":12,"matrix":[-0.984,0.1738,0.0395,0,-0.0315,0.0481,-0.9983,0,-0.1754,-0.9836,-0.0418,0,0.2748,0.904,0.105,1],"rest":[-0.9998,-0.0082,0.0202,0,-0.0218,0.3735,-0.9274,0,0,-0.9276,-0.3736,0,0.2748,0.904,0.105,1],"parentBoneIndex":0,"length":1.1197
,"animation":{"dataType":3,"framePerSecond":24,"keys":[
{"frame":1,"values":[-0.984,0.1738,0.0395,0,-0.0315,0.0481,-0.9983,0,-0.1754,-0.9836,-0.0418,0,0.2748,0.904,0.105,1]},
{"frame":2,"values":[-0.9843,0.1661,0.059,0,-0.0109,0.2768,-0.9609,0,-0.1759,-0.9465,-0.2707,0,0.2748,0.904,0.105,1]},
{"frame":3,"values":[-0.9851,0.1504,0.084,0,0.0181,0.5757,-0.8175,0,-0.1713,-0.8038,-0.5698,0,0.2748,0.904,0.105,1]},
{"frame":4,"values":[-0.9846,0.1456,0.097,0,0.0323,0.6958,-0.7175,0,-0.172,-0.7033,-0.6898,0,0.2748,0.904,0.105,1]},
{"frame":5,"values":[-0.9841,0.149,0.0962,0,0.0301,0.6747,-0.7374,0,-0.1748,-0.7229,-0.6685,0,0.2748,0.904,0.105,1]},
{"frame":6,"values":[-0.9842,0.1544,0.0866,0,0.019,0.5784,-0.8155,0,-0.176,-0.801,-0.5722,0,0.2748,0.904,0.105,1]},
{"frame":7,"values":[-0.9844,0.1599,0.0738,0,0.0049,0.444,-0.896,0,-0.176,-0.8817,-0.4378,0,0.2748,0.904,0.105,1]},
{"frame":8,"values":[-0.9838,0.1674,0.0648,0,-0.006,0.3297,-0.9441,0,-0.1794,-0.9291,-0.3233,0,0.2748,0.904,0.105,1]},
{"frame":9,"values":[-0.984,0.1738,0.0395,0,-0.0315,0.0481,-0.9983,0,-0.1754,-0.9836,-0.0418,0,0.2748,0.904,0.105,1]}],"loopBehavior":1,"name":"anim","property":"_matrix"}},
{"name":"polpaccio_L","index":13,"matrix":[1,-0.0089,0.0002,0,0.0089,0.9999,-0.0076,0,-0.0002,0.0076,1,0,0,1.1197,0,1],"rest":[0.9992,0.0399,-0.0001,0,-0.0399,0.9992,-0.0076,0,-0.0002,0.0076,1,0,0,1.1197,0,1],"parentBoneIndex":12,"length":1.198
,"animation":{"dataType":3,"framePerSecond":24,"keys":[
{"frame":1,"values":[1,-0.0089,0.0002,0,0.0089,0.9999,-0.0076,0,-0.0002,0.0076,1,0,0,1.1197,0,1]},
{"frame":2,"values":[0.9999,-0.0083,-0.0113,0,0.0124,0.8949,0.4461,0,0.0064,-0.4462,0.8949,0,0,1.1197,0,1]},
{"frame":3,"values":[0.9998,-0.0052,-0.0189,0,0.0171,0.6994,0.7145,0,0.0095,-0.7147,0.6994,0,0,1.1197,0,1]},
{"frame":4,"values":[0.9999,-0.0047,-0.0166,0,0.0144,0.7563,0.654,0,0.0094,-0.6542,0.7563,0,0,1.1197,0,1]},
{"frame":5,"values":[1,-0.0089,0.0002,0,0.0089,0.9999,-0.0076,0,-0.0002,0.0076,1,0,0,1.1197,0,1]},
{"frame":6,"values":[1,-0.0086,-0.0039,0,0.0091,0.9871,0.1596,0,0.0024,-0.1597,0.9872,0,0,1.1197,0,1]},
{"frame":7,"values":[1,-0.0089,-0.0015,0,0.009,0.9979,0.0648,0,0.001,-0.0648,0.9979,0,0,1.1197,0,1]},
{"frame":8,"values":[1,-0.0089,-0.0015,0,0.009,0.9979,0.0649,0,0.001,-0.0649,0.9979,0,0,1.1197,0,1]},
{"frame":9,"values":[1,-0.0089,0.0002,0,0.0089,0.9999,-0.0076,0,-0.0002,0.0076,1,0,0,1.1197,0,1]}],"loopBehavior":1,"name":"anim","property":"_matrix"}},
{"name":"piede_L","index":14,"matrix":[-0.9885,-0.1135,0.1003,0,-0.1452,0.5206,-0.8414,0,0.0433,-0.8462,-0.531,0,0,1.198,0,1],"rest":[-0.9976,-0.0235,0.0658,0,-0.0682,0.5331,-0.8433,0,-0.0153,-0.8457,-0.5334,0,0,1.198,0,1],"parentBoneIndex":13,"length":0.3431
,"animation":{"dataType":3,"framePerSecond":24,"keys":[
{"frame":1,"values":[-0.9885,-0.1135,0.1003,0,-0.1452,0.5206,-0.8414,0,0.0433,-0.8462,-0.531,0,0,1.198,0,1]},
{"frame":2,"values":[-0.9976,-0.0235,0.0658,0,-0.0682,0.5331,-0.8433,0,-0.0153,-0.8457,-0.5334,0,0,1.198,0,1]},
{"frame":5,"values":[-0.9977,-0.0295,0.0616,0,-0.0668,0.6109,-0.7889,0,-0.0143,-0.7911,-0.6115,0,0,1.198,0,1]},
{"frame":7,"values":[-0.9977,-0.0231,0.063,0,-0.0655,0.5379,-0.8405,0,-0.0145,-0.8427,-0.5382,0,0,1.198,0,1]},
{"frame":8,"values":[-0.9978,-0.017,0.0638,0,-0.0643,0.4672,-0.8818,0,-0.0148,-0.884,-0.4672,0,0,1.198,0,1]},
{"frame":9,"values":[-0.9885,-0.1135,0.1003,0,-0.1452,0.5206,-0.8414,0,0.0433,-0.8462,-0.531,0,0,1.198,0,1]}],"loopBehavior":1,"name":"anim","property":"_matrix"}},
{"name":"avampiede_L","index":15,"matrix":[0.998,-0.0017,-0.0636,0,0.0409,0.782,0.622,0,0.0487,-0.6233,0.7805,0,0,0.3431,0,1],"rest":[0.9993,-0.0184,-0.0331,0,0.0281,0.9458,0.3234,0,0.0253,-0.3241,0.9457,0,0,0.3431,0,1],"parentBoneIndex":14,"length":0.2586
,"animation":{"dataType":3,"framePerSecond":24,"keys":[
{"frame":1,"values":[0.998,-0.0017,-0.0636,0,0.0409,0.782,0.622,0,0.0487,-0.6233,0.7805,0,0,0.3431,0,1]},
{"frame":3,"values":[0.9975,-0.0428,-0.0561,0,0.0587,0.9444,0.3234,0,0.0391,-0.3259,0.9446,0,0,0.3431,0,1]},
{"frame":5,"values":[0.9993,-0.0184,-0.033,0,0.0281,0.9458,0.3234,0,0.0253,-0.3241,0.9457,0,0,0.3431,0,1]},
{"frame":8,"values":[0.9993,-0.0176,-0.0342,0,0.0281,0.9416,0.3356,0,0.0263,-0.3363,0.9414,0,0,0.3431,0,1]},
{"frame":9,"values":[0.998,-0.0017,-0.0636,0,0.0409,0.782,0.622,0,0.0487,-0.6233,0.7805,0,0,0.3431,0,1]}],"loopBehavior":1,"name":"anim","property":"_matrix"}},
{"name":"gamba_R","index":16,"matrix":[-0.9872,-0.1294,-0.0935,0,-0.0187,0.6755,-0.7372,0,0.1585,-0.726,-0.6692,0,-0.2748,0.904,0.105,1],"rest":[-0.9998,0.0082,-0.0202,0,0.0218,0.3735,-0.9274,0,0,-0.9276,-0.3736,0,-0.2748,0.904,0.105,1],"parentBoneIndex":0,"length":1.1197
,"animation":{"dataType":3,"framePerSecond":24,"keys":[
{"frame":1,"values":[-0.9872,-0.1294,-0.0935,0,-0.0187,0.6755,-0.7372,0,0.1585,-0.726,-0.6692,0,-0.2748,0.904,0.105,1]},
{"frame":2,"values":[-0.9874,-0.1334,-0.0847,0,-0.0085,0.5799,-0.8146,0,0.1578,-0.8037,-0.5738,0,-0.2748,0.904,0.105,1]},
{"frame":3,"values":[-0.988,-0.1362,-0.0724,0,0.0044,0.4446,-0.8957,0,0.1541,-0.8853,-0.4387,0,-0.2748,0.904,0.105,1]},
{"frame":4,"values":[-0.9881,-0.1398,-0.0635,0,0.0139,0.3306,-0.9437,0,0.153,-0.9334,-0.3247,0,-0.2748,0.904,0.105,1]},
{"frame":5,"values":[-0.9888,-0.1433,-0.0416,0,0.0348,0.0501,-0.9981,0,0.1451,-0.9884,-0.0446,0,-0.2748,0.904,0.105,1]},
{"frame":6,"values":[-0.9883,-0.1403,-0.0592,0,0.0182,0.2773,-0.9606,0,0.1512,-0.9505,-0.2715,0,-0.2748,0.904,0.105,1]},
{"frame":7,"values":[-0.9886,-0.1272,-0.0809,0,-0.0073,0.5765,-0.8171,0,0.1506,-0.8072,-0.5708,0,-0.2748,0.904,0.105,1]},
{"frame":8,"values":[-0.9891,-0.1172,-0.0885,0,-0.0188,0.6986,-0.7153,0,0.1457,-0.7059,-0.6932,0,-0.2748,0.904,0.105,1]},
{"frame":9,"values":[-0.9872,-0.1294,-0.0935,0,-0.0187,0.6755,-0.7372,0,0.1585,-0.726,-0.6692,0,-0.2748,0.904,0.105,1]}],"loopBehavior":1,"name":"anim","property":"_matrix"}},
{"name":"polpaccio_R","index":17,"matrix":[0.9999,-0.015,-0.0001,0,0.015,0.9999,-0.0076,0,0.0002,0.0076,1,0,0,1.1197,0,1],"rest":[0.9992,-0.0399,0.0001,0,0.0399,0.9992,-0.0076,0,0.0002,0.0076,1,0,0,1.1197,0,1],"parentBoneIndex":16,"length":1.198
,"animation":{"dataType":3,"framePerSecond":24,"keys":[
{"frame":1,"values":[0.9999,-0.015,-0.0001,0,0.015,0.9999,-0.0076,0,0.0002,0.0076,1,0,0,1.1197,0,1]},
{"frame":2,"values":[0.9999,-0.0152,0.002,0,0.0147,0.9871,0.1597,0,-0.0044,-0.1597,0.9872,0,0,1.1197,0,1]},
{"frame":3,"values":[0.9999,-0.015,0.0009,0,0.0149,0.9978,0.0648,0,-0.0018,-0.0648,0.9979,0,0,1.1197,0,1]},
{"frame":4,"values":[0.9999,-0.015,0.0009,0,0.015,0.9978,0.0649,0,-0.0018,-0.0648,0.9979,0,0,1.1197,0,1]},
{"frame":5,"values":[0.9999,-0.015,-0.0001,0,0.015,0.9999,-0.0076,0,0.0002,0.0076,1,0,0,1.1197,0,1]},
{"frame":6,"values":[0.9999,-0.0156,0.0055,0,0.0117,0.9028,0.43,0,-0.0117,-0.4299,0.9028,0,0,1.1197,0,1]},
{"frame":7,"values":[0.9998,-0.0169,0.0097,0,0.0049,0.6993,0.7148,0,-0.0189,-0.7146,0.6992,0,0,1.1197,0,1]},
{"frame":8,"values":[0.9999,-0.0155,0.005,0,0.0123,0.9202,0.3912,0,-0.0107,-0.391,0.9203,0,0,1.1197,0,1]},
{"frame":9,"values":[0.9999,-0.015,-0.0001,0,0.015,0.9999,-0.0076,0,0.0002,0.0076,1,0,0,1.1197,0,1]}],"loopBehavior":1,"name":"anim","property":"_matrix"}},
{"name":"piede_R","index":18,"matrix":[-0.9977,0.0295,-0.0616,0,0.0668,0.6109,-0.7889,0,0.0143,-0.7911,-0.6115,0,0,1.198,0,1],"rest":[-0.9976,0.0235,-0.0658,0,0.0682,0.5331,-0.8433,0,0.0153,-0.8457,-0.5334,0,0,1.198,0,1],"parentBoneIndex":17,"length":0.3431
,"animation":{"dataType":3,"framePerSecond":24,"keys":[
{"frame":1,"values":[-0.9977,0.0295,-0.0616,0,0.0668,0.6109,-0.7889,0,0.0143,-0.7911,-0.6115,0,0,1.198,0,1]},
{"frame":3,"values":[-0.9977,0.0231,-0.063,0,0.0655,0.5379,-0.8405,0,0.0145,-0.8427,-0.5382,0,0,1.198,0,1]},
{"frame":4,"values":[-0.9978,0.017,-0.0638,0,0.0643,0.4672,-0.8818,0,0.0148,-0.884,-0.4672,0,0,1.198,0,1]},
{"frame":5,"values":[-0.9885,0.1135,-0.1003,0,0.1452,0.5206,-0.8414,0,-0.0433,-0.8462,-0.531,0,0,1.198,0,1]},
{"frame":6,"values":[-0.9976,0.0235,-0.0658,0,0.0682,0.5331,-0.8433,0,0.0153,-0.8457,-0.5334,0,0,1.198,0,1]},
{"frame":9,"values":[-0.9977,0.0295,-0.0616,0,0.0668,0.6109,-0.7889,0,0.0143,-0.7911,-0.6115,0,0,1.198,0,1]}],"loopBehavior":1,"name":"anim","property":"_matrix"}},
{"name":"avampiede_R","index":19,"matrix":[0.9993,0.0184,0.033,0,-0.0281,0.9458,0.3234,0,-0.0253,-0.3241,0.9457,0,0,0.3431,0,1],"rest":[0.9993,0.0184,0.033,0,-0.0281,0.9458,0.3234,0,-0.0253,-0.3241,0.9457,0,0,0.3431,0,1],"parentBoneIndex":18,"length":0.2586
,"animation":{"dataType":3,"framePerSecond":24,"keys":[
{"frame":1,"values":[0.9993,0.0184,0.033,0,-0.0281,0.9458,0.3234,0,-0.0253,-0.3241,0.9457,0,0,0.3431,0,1]},
{"frame":4,"values":[0.9993,0.0176,0.0342,0,-0.0281,0.9416,0.3356,0,-0.0263,-0.3363,0.9414,0,0,0.3431,0,1]},
{"frame":5,"values":[0.998,0.0017,0.0636,0,-0.0409,0.782,0.622,0,-0.0487,-0.6233,0.7805,0,0,0.3431,0,1]},
{"frame":7,"values":[0.9975,0.0428,0.0561,0,-0.0587,0.9444,0.3234,0,-0.0391,-0.3259,0.9446,0,0,0.3431,0,1]},
{"frame":9,"values":[0.9993,0.0184,0.033,0,-0.0281,0.9458,0.3234,0,-0.0253,-0.3241,0.9457,0,0,0.3431,0,1]}],"loopBehavior":1,"name":"anim","property":"_matrix"}}]
,"ranges":[{"name":"walkLikeMan","from":0,"to":9}]}],
"meshes":[{"name":"uomo","id":"uomo","materialId":"simpleMan2_6.Material.001","billboardMode":0,"position":[0,0,0],"rotation":[0,0,0],"scaling":[1,1,1],"isVisible":true,"freezeWorldMatrix":false,"isEnabled":true,"checkCollisions":false,"receiveShadows":false,"pickable":true,"tags":"","skeletonId":0,"numBoneInfluencers":6
,"positions":[0.2665,2.7454,-0.0908,0.2435,2.7353,0.0355,0.2119,2.8158,-0.0273,0.243,2.8198,-0.1226,0.1813,2.8697,-0.1022,0.1645,2.8044,0.0831,0.1376,2.868,-0.0029,0.1144,2.8946,-0.0902,0.2669,2.6236,-0.0001,0.216,2.5873,0.1008,0.2426,2.6614,0.0852,0.2852,2.6742,-0.0452,0.135,2.6141,0.1799,0.1484,2.7211,0.1385,0.2278,2.4626,0.0342,0.2585,2.5516,0.022,0.1856,2.4634,0.1079
,0.2698,2.6358,-0.2717,0.2901,2.7074,-0.1963,0.2647,2.7002,-0.3252,0.2593,2.7868,-0.2144,0.2244,2.7607,-0.3679,0.2836,2.6458,-0.1584,-0.2217,2.7142,-0.1211,-0.1616,2.8135,-0.0427,-0.1806,2.766,0.0314,-0.1986,2.767,-0.1766,-0.1391,2.8405,-0.119,-0.1937,2.6526,-0.2992,-0.1853,2.729,-0.3296,-0.1622,2.8071,-0.2109,0.1286,2.8695,-0.2255,0.1898,2.8414,-0.2166,0.1884,2.8079,-0.3763
,-0.0981,2.8307,-0.226,-0.1465,2.7888,-0.3534,-0.0859,2.8185,-0.3494,0.2808,2.5888,-0.107,0.2755,2.5326,-0.0597,0.2634,2.5542,-0.1811,0.257,2.5573,-0.1074,0.2419,2.4911,-0.0655,0.2446,2.4475,-0.0273,-0.2138,2.5725,-0.0565,-0.1603,2.7011,0.0714,-0.1584,2.6045,0.105,-0.2024,2.6467,-0.0831,-0.1849,2.5757,-0.1701,-0.2015,2.6021,-0.1877,-0.1246,2.4767,0.077,-0.1733,2.5294,-0.1059
,-0.0818,2.8445,-0.0094,-0.0454,2.6349,0.1715,-0.0265,2.7879,0.1141,-0.09,2.8178,0.0685,-0.0255,2.4771,0.1562,-0.0627,2.8711,-0.0914,-0.0471,2.8735,-0.2298,0.0617,2.883,-0.0013,0.0558,2.9075,-0.088,0.0522,2.8383,0.0655,-0.0454,2.6349,0.1715,-0.0255,2.4771,0.1562,0.1023,2.4701,0.1573,0.0779,2.8973,-0.2543,0.1312,2.8084,-0.3873,0.2243,2.6202,-0.3272,0.2069,2.692,-0.3504
,0.1881,2.685,-0.355,0.1904,2.7262,-0.4048,0.161,2.6893,-0.3833,-0.0763,2.7035,-0.3621,-0.1499,2.7053,-0.3635,-0.096,2.6681,-0.3595,-0.1152,2.7451,-0.4032,-0.1506,2.6285,-0.3536,-0.1226,2.6062,-0.3593,0.1318,2.6989,-0.4009,0.1574,2.748,-0.4224,0.113,2.7531,-0.4288,0.1057,2.7078,-0.4089,-0.0514,2.7258,-0.3711,-0.0622,2.7604,-0.4089,0.2211,2.5767,-0.2612,-0.1536,2.5415,-0.2577
,-0.0231,2.7262,-0.3941,-0.0265,2.8392,-0.3691,-0.0141,2.7635,-0.4235,0.077,2.7188,-0.4053,0.0824,2.7647,-0.4246,-0.048,2.8693,-0.0055,-0.0346,2.8896,-0.0854,-0.0168,2.8699,-0.0038,-0.0477,2.8481,0.0542,-0.0131,2.8984,-0.2295,-0.0107,2.8832,-0.0924,0.0041,2.8537,-0.3796,0.0142,2.8929,-0.2339,0.0324,2.7684,-0.4178,0.0105,2.7131,-0.4113,0.0338,2.7128,-0.4071,0.0114,2.7752,-0.4229
,0.0295,2.8391,-0.3905,-0.0207,2.8358,0.0604,-0.0107,2.8832,-0.0924,0.0176,2.892,-0.0024,-0.0168,2.8699,-0.0038,0.0164,2.9128,-0.0993,-0.0168,2.8699,-0.0038,0.0102,2.8515,0.0616,-0.0207,2.8358,0.0604,0.0529,2.8425,-0.3897,0.0857,2.8158,-0.3902,0.0409,2.9108,-0.2579,0.0295,2.8391,-0.3905,0.0142,2.8929,-0.2339,0.0488,2.7201,-0.4055,0.0324,2.7684,-0.4178,0.0503,2.7832,-0.426
,0.0295,2.8391,-0.3905,-0.0207,2.8358,0.0604,-0.0265,2.7879,0.1141,-0.0265,2.7879,0.1141,-0.1798,2.5035,-0.1944,-0.1835,2.5351,-0.1522,-0.1636,2.5116,-0.2186,-0.1274,2.4161,-0.0789,0.2189,2.5586,-0.2386,0.1557,2.3886,0.0192,0.1023,2.3984,0.0603,0.2003,2.3991,-0.0786,0.1847,2.3943,-0.0384,-0.0066,2.3865,0.0592,-0.0066,2.3865,0.0592,-0.0255,2.4771,0.1562,-0.0916,2.3977,0.0025
,0.7526,0.41,0.3838,0.6465,0.4004,0.414,0.7533,0.398,0.3925,-0.7816,0.5552,-0.4693,-0.6782,0.5231,-0.4464,-0.6714,0.5355,-0.4435,0.8462,0.4864,0.6266,0.8454,0.4582,0.4904,0.8421,0.4439,0.4937,-0.8825,0.5271,-0.3629,-0.8939,0.4601,-0.2415,-0.8794,0.5139,-0.3695,0.8474,0.5016,0.6287,0.7642,0.4891,0.6886,0.7626,0.5025,0.6943,-0.8952,0.4703,-0.2301,-0.8169,0.4177,-0.188
,-0.783,0.5405,-0.4706,0.6502,0.4824,0.6583,0.6557,0.4687,0.6548,-0.701,0.4267,-0.2084,-0.8158,0.4242,-0.1748,0.6402,0.4117,0.4076,0.6164,0.4388,0.5231,-0.6567,0.4799,-0.337,-0.6499,0.4948,-0.3282,0.6098,0.4559,0.5196,0.6164,0.4388,0.5231,-0.6499,0.4948,-0.3282,-0.7062,0.419,-0.2204,0.2105,1.8948,-0.2921,0.4022,1.5606,-0.2177,0.337,1.9342,-0.2356,-0.4024,1.6631,-0.3295
,-0.1819,1.9405,-0.3155,-0.3198,2.0345,-0.2485,0.2111,1.3988,-0.3131,0.2126,1.5504,-0.3664,-0.3827,1.4885,-0.2295,-0.2048,1.5883,-0.41,0.0054,1.5672,-0.4061,0.0171,1.9372,-0.3006,-0.0017,1.3883,-0.3746,-0.2166,1.4122,-0.3459,0.562,1.8623,-0.1975,0.509,1.6565,-0.1555,0.476,1.5764,-0.0562,-0.5087,1.7751,-0.2604,-0.555,1.9901,-0.2259,-0.4822,1.6639,-0.1956,0.4049,1.9678,-0.1959
,-0.3925,2.0733,-0.1914,0.3189,0.8319,0.307,0.1173,0.8898,0.381,0.3528,0.9141,0.3157,-0.128,0.9046,0.3567,-0.3275,0.863,0.2368,-0.364,0.9315,0.2378,-0.0043,0.834,0.3536,0.1288,0.8204,0.3654,-0.0055,0.908,0.3746,0.3034,0.8105,-0.0695,0.172,0.808,-0.1867,0.1555,0.7525,-0.155,-0.304,0.7609,-0.1261,-0.166,0.7813,-0.2115,-0.3206,0.8437,-0.1496,0.004,0.7538,-0.2365
,0.0033,0.7185,-0.2002,-0.1506,0.7179,-0.181,0.3975,0.863,0.1171,0.4061,0.9005,0.0948,-0.4037,0.8486,0.0367,-0.4122,0.8844,0.0145,0.4061,0.9005,0.0948,0.3215,0.878,-0.1006,-0.4037,0.8486,0.0367,-0.4122,0.8844,0.0145,0.3715,1.4411,-0.1283,0.4373,1.4189,0.1054,-0.4543,1.4385,-0.063,0.4598,1.4688,0.1753,-0.4757,1.4797,-0.0265,0.7121,0.9872,0.1982,0.5592,1.1789,0.2098
,0.591,0.9887,0.2778,-0.729,1.1041,-0.2287,-0.5822,1.2099,-0.116,-0.697,1.264,-0.1746,0.8044,1.0679,0.2716,0.7442,1.2617,0.3743,0.7483,1.2311,0.2174,-0.7715,1.2214,0.0638,-0.8267,1.1237,-0.1259,-0.77,1.2623,-0.0897,0.7704,1.1343,0.4308,0.6872,1.2308,0.4596,-0.7189,1.153,0.1279,-0.8038,1.0768,0.0412,0.6775,1.1987,0.1373,0.6022,1.0942,0.4766,0.6983,1.1237,0.5193
,-0.6397,1.008,0.0582,-0.6163,1.1483,0.1043,0.5239,1.0428,0.3811,0.5233,1.1922,0.3376,-0.5544,1.0257,-0.0451,-0.5508,1.1672,0.0045,0.5233,1.1922,0.3376,0.5856,1.2156,0.4375,-0.5508,1.1672,0.0045,0.5145,1.3073,0.0777,-0.5308,1.3753,-0.1883,-0.6618,1.4614,-0.2125,0.7271,1.4638,0.1434,-0.7562,1.5086,0.0892,-0.7418,1.5003,-0.0705,0.6464,1.5432,0.3865,0.7384,1.5343,0.2873
,-0.6673,1.4743,0.1857,0.6489,1.3738,0.0258,0.5276,1.4698,0.4022,-0.5507,1.3967,0.1736,0.4727,1.3621,0.2624,-0.4938,1.3512,0.0038,0.4727,1.3621,0.2624,-0.4938,1.3512,0.0038,0.476,1.5764,-0.0562,-0.4822,1.6639,-0.1956,-0.6253,1.8044,-0.2056,0.6923,1.8236,-0.0169,-0.6934,1.8927,-0.0745,-0.6751,1.8979,0.0902,0.6188,1.8686,0.2778,0.6708,1.8941,0.1317,-0.6286,1.8151,0.2154
,0.6241,1.6931,-0.1052,0.4712,1.7724,0.3496,-0.4862,1.6946,0.2487,0.4598,1.4688,0.1753,-0.4757,1.4797,-0.0265,-0.4822,1.6639,-0.1956,0.4598,1.4688,0.1753,-0.4757,1.4797,-0.0265,0.5836,1.9941,-0.0939,-0.5777,2.0755,-0.0789,-0.5952,2.0896,0.1146,0.5821,1.9839,0.2428,0.597,2.0807,0.0782,-0.5882,1.9339,0.2296,0.5821,1.9839,0.2428,0.4018,2.1178,0.0529,0.597,2.0807,0.0782
,-0.3974,2.1333,0.0986,-0.5882,1.9339,0.2296,-0.5952,2.0896,0.1146,0.4712,1.7724,0.3496,0.3348,2.0057,0.2864,0.5821,1.9839,0.2428,-0.4862,1.6946,0.2487,-0.3439,1.9422,0.2835,-0.2865,1.6687,0.3301,0.562,1.8623,-0.1975,-0.555,1.9901,-0.2259,0.476,1.5764,-0.0562,0.562,1.8623,-0.1975,-0.4822,1.6639,-0.1956,-0.555,1.9901,-0.2259,0.1685,1.1446,0.349,0.3315,0.9674,0.2755
,0.1491,0.976,0.3376,-0.1846,1.1338,0.3025,-0.3431,0.9707,0.1994,-0.3527,1.1695,0.2199,0.1918,1.3569,0.3484,0.3357,1.1871,0.3085,-0.2163,1.3305,0.2929,-0.3913,1.3508,0.1824,-0.0086,1.1557,0.3312,-0.0056,0.9522,0.3386,-0.161,0.9812,0.3029,0.1956,0.8966,-0.2311,0.002,1.1261,-0.3407,0.0053,0.8545,-0.2759,-0.1887,0.8788,-0.2521,0.2174,1.1454,-0.2957,-0.2163,1.1434,-0.3114
,0.3308,0.9522,-0.1118,-0.3301,0.9299,-0.1594,0.342,1.1682,-0.1384,-0.3478,1.1678,-0.1889,0.4003,1.2199,0.0578,-0.4129,1.2145,-0.0385,0.4031,0.9715,0.0622,-0.4093,0.9563,-0.017,0.4003,1.2199,0.0578,0.3689,1.3905,0.3076,0.4373,1.4189,0.1054,-0.4129,1.2145,-0.0385,0.4031,0.9715,0.0622,0.4003,1.2199,0.0578,-0.4093,0.9563,-0.017,0.2637,1.7454,0.4058,0.4712,1.7724,0.3496
,-0.4862,1.6946,0.2487,-0.017,1.6777,0.3361,-0.009,1.9409,0.2612,0.1442,2.1596,0.1141,0.0031,2.1537,0.1517,-0.1347,2.1687,0.117,0.2337,2.1654,0.0391,0.173,2.0515,-0.2278,-0.1379,2.0796,-0.2386,0.0196,2.0376,-0.2638,0.2401,2.0762,-0.1659,-0.2119,2.1187,-0.1725,0.5836,1.9941,-0.0939,-0.5777,2.0755,-0.0789,0.5836,1.9941,-0.0939,0.597,2.0807,0.0782,-0.5777,2.0755,-0.0789
,-0.3862,2.1254,-0.0793,0.3969,2.0531,-0.1073,0.2485,2.1233,-0.0736,-0.2186,2.1872,0.047,-0.2258,2.1584,-0.0734,0.4598,1.4688,0.1753,0.4712,1.7724,0.3496,-0.4757,1.4797,-0.0265,-0.4862,1.6946,0.2487,0.4061,0.9005,0.0948,0,0.5358,0.3924,-0.026,0.4476,0.3569,-0.1135,0.6228,0.4179,-0.0007,0.6316,0.3961,0.1127,0.5945,0.4224,0.0267,0.4315,0.3456,0,0.5358,0.3924
,0,0.5358,0.3924,-0.0007,0.6316,0.3961,0.6174,-1.8421,-0.6629,0.5023,-1.7282,-0.8176,0.5874,-1.8631,-0.6673,-0.3667,-1.8056,0.8607,-0.4721,-1.806,1.0576,-0.4419,-1.827,1.0654,0.535,-1.9072,-0.4499,-0.377,-1.7315,1.2672,-0.3365,-1.7643,1.2514,0.4942,-1.925,-0.4814,0.3378,-1.9376,-0.3923,-0.1775,-1.7177,1.3238,-0.1786,-1.7603,1.3085,0.1878,-1.94,-0.4915,0.1677,-1.9132,-0.4612
,-0.0306,-1.779,1.2402,-0.0102,-1.7378,1.2476,0.1202,-1.8422,-0.6607,0.0277,-1.8052,1.0424,0.0025,-1.8286,1.0519,0.1202,-1.8422,-0.6607,0.2393,-1.7714,-0.8565,0.2264,-1.7351,-0.8769,-0.1083,-1.8698,0.842,0.0277,-1.8052,1.0424,-0.0955,-1.8517,0.805,0.3872,-1.6756,-0.9159,0.3944,-1.6288,-0.9444,-0.2574,-1.8174,0.7466,-0.2644,-1.7952,0.6976,0.5215,-1.6943,-0.8346,-0.3851,-1.7889,0.8295
,0.1966,-0.3304,-0.4134,0.277,0.1757,-0.3251,0.1213,0.1616,-0.2769,-0.2564,-0.0345,0.0333,-0.1496,-0.4759,0.2857,-0.1004,-0.0086,0.0681,0.4291,-0.3295,-0.3725,0.3073,-0.3153,-0.4347,-0.3818,-0.459,0.3248,-0.4224,0.0245,0.0905,0.4599,-0.3695,-0.2254,0.4423,0.1932,-0.2435,-0.4103,-0.397,0.4645,-0.4664,0.1514,0.2284,0.3782,0.1438,0.1463,0.4859,0.2049,-0.0563,-0.322,-0.3406,0.6073
,-0.3556,0.2384,0.4196,0.2552,-0.4352,-0.0562,0.3745,-0.4223,-0.0796,-0.2023,-0.3306,0.6294,-0.1483,0.2403,0.4558,0.0714,0.1108,0.072,0.1719,0.1117,0.1799,-0.0477,0.1766,0.371,0.1223,-0.3536,-0.2791,0.1503,-0.4305,-0.1342,-0.074,-0.4048,0.4012,-0.0132,0.0828,0.2028,0.1223,-0.3536,-0.2791,0.0345,0.1395,-0.1033,-0.074,-0.4048,0.4012,-0.0132,0.0828,0.2028,0.3569,0.7156,-0.0399
,0.3975,0.863,0.1171,0.3034,0.8105,-0.0695,-0.4229,0.6938,0.0643,-0.304,0.7609,-0.1261,-0.4037,0.8486,0.0367,0.4166,0.7195,0.1461,0.3189,0.8319,0.307,0.3975,0.863,0.1171,-0.3275,0.863,0.2368,-0.4037,0.8486,0.0367,0.1578,0.5777,-0.1512,0.0033,0.7185,-0.2002,0.0027,0.5263,-0.1712,-0.1506,0.7179,-0.181,0.0033,0.7185,-0.2002,0.1555,0.7525,-0.155,-0.3617,0.6043,-0.0944
,-0.1506,0.7179,-0.181,-0.304,0.7609,-0.1261,-0.0007,0.6316,0.3961,0.1288,0.8204,0.3654,-0.0043,0.834,0.3536,-0.1374,0.8397,0.3387,0.3255,0.6604,0.3366,0.1288,0.8204,0.3654,0.3189,0.8319,0.307,-0.3297,0.7428,0.2658,-0.3275,0.863,0.2368,0.0773,0.4748,-0.1157,0.002,0.4703,-0.0474,-0.0731,0.3936,-0.0759,0.0013,0.426,0.1361,0.0013,0.426,0.1361,0,0.5358,0.3924
,0.0013,0.426,0.1361,0.4256,0.6565,0.1323,0.3678,0.6487,-0.0732,-0.4297,0.6265,0.0842,0.2066,0.5745,-0.1615,-0.2049,0.455,-0.1488,-0.1548,0.5019,-0.1521,0.343,0.5073,0.3195,-0.3401,0.616,0.3237,0.1446,0.3894,0.3733,-0.1405,0.4547,0.4122,0.0449,0.3665,0.2954,0.0013,0.426,0.1361,0.0013,0.426,0.1361,-0.0418,0.4005,0.3354,0.4451,0.5205,0.0795,0.4204,0.5396,-0.0898
,-0.4424,0.4822,0.1299,-0.3707,0.5116,-0.085,0.2334,0.518,-0.1771,-0.2306,0.3576,-0.1112,0.355,0.3825,0.2509,-0.3454,0.4851,0.3447,0.1448,0.2721,0.2811,-0.1329,0.3798,0.4082,0.068,0.2996,0.2188,0.0013,0.426,0.1361,0.0013,0.426,0.1361,-0.0594,0.3535,0.3239,-0.4187,0.3966,-0.0233,-0.0132,0.0828,0.2028,0.0013,0.426,0.1361,0.0013,0.426,0.1361,0.4746,-1.8038,-0.7195
,0.5023,-1.7282,-0.8176,0.4396,-1.7319,-0.7814,-0.3377,-1.8113,0.9806,-0.3667,-1.8056,0.8607,-0.4419,-1.827,1.0654,0.3954,-1.8867,-0.4986,0.5874,-1.8631,-0.6673,-0.2407,-1.7438,1.2098,-0.4419,-1.827,1.0654,-0.3365,-1.7643,1.2514,0.3385,-1.9618,-0.4299,0.4942,-1.925,-0.4814,-0.1786,-1.7603,1.3085,-0.3365,-1.7643,1.2514,0.2387,-1.9013,-0.4789,0.3175,-1.8921,-0.4479,-0.0828,-1.742,1.2285
,-0.1786,-1.7603,1.3085,-0.0306,-1.779,1.2402,0.2767,-1.7783,-0.7591,0.1464,-1.8658,-0.6683,0.2051,-1.8298,-0.6043,-0.1423,-1.8203,0.9266,0.0025,-1.8286,1.0519,-0.1083,-1.8698,0.842,0.2051,-1.8298,-0.6043,0.1878,-1.94,-0.4915,-0.0554,-1.7627,1.0841,-0.0306,-1.779,1.2402,0.0025,-1.8286,1.0519,0.3733,-1.6729,-0.846,0.5023,-1.7282,-0.8176,0.3872,-1.6756,-0.9159,-0.3667,-1.8056,0.8607
,-0.241,-1.7793,0.8064,-0.2574,-1.8174,0.7466,0.2393,-1.7714,-0.8565,-0.1083,-1.8698,0.842,-0.2574,-1.8174,0.7466,0.1543,-0.5709,-0.3082,0.1547,-0.6068,-0.1794,-0.0922,-0.5887,0.5172,-0.0978,-0.3724,0.5628,0.1543,-0.5709,-0.3082,0.2276,-0.5599,-0.4259,-0.0922,-0.5887,0.5172,-0.074,-0.4048,0.4012,0.2658,-0.6167,-0.1162,-0.2012,-0.5086,0.699,0.3148,-0.556,-0.4833,-0.2609,-0.4826,0.2636
,-0.1653,-0.6596,0.4225,0.3957,-0.5953,-0.1296,0.4268,-0.535,-0.3901,-0.3661,-0.6297,0.4426,-0.2523,-0.6985,0.3795,0.4684,-0.5376,-0.2456,-0.4083,-0.5422,0.5574,0.1471,-1.0617,-0.2427,-0.0483,-0.9238,0.8788,-0.0908,-0.5344,0.6394,0.194,-0.9914,-0.5717,0.1543,-0.5709,-0.3082,0.1113,-1.0518,-0.444,-0.0922,-0.5887,0.5172,-0.0974,-1.0822,0.5823,-0.0119,-1.042,0.7157,0.2644,-0.9758,-0.1332
,-0.1725,-0.7954,0.9138,0.3388,-0.9499,-0.6428,0.4136,-0.9225,-0.1592,-0.3251,-0.7803,0.8662,-0.3323,-0.5085,0.6805,0.4516,-0.9078,-0.5084,-0.3616,-0.9935,0.5891,-0.2431,-1.1042,0.5073,0.5042,-0.8631,-0.2969,-0.419,-0.8279,0.7261,0.5529,-1.7061,-1.0535,0.407,-1.6632,-0.9609,0.4445,-1.6489,-1.1167,-0.2783,-1.8054,0.7125,-0.4318,-1.8565,0.6396,-0.3219,-1.8275,0.5604,0.5604,-1.7669,-0.8816
,-0.4355,-1.8655,0.8231,0.3812,-1.6885,-1.1398,0.2915,-1.7464,-0.9982,-0.2637,-1.878,0.5472,-0.1725,-1.9066,0.6977,0.2767,-1.7783,-0.7591,-0.1423,-1.8203,0.9266,0.3733,-1.6729,-0.846,0.2767,-1.7783,-0.7591,-0.1423,-1.8203,0.9266,-0.241,-1.7793,0.8064,0.4396,-1.7319,-0.7814,0.3733,-1.6729,-0.846,-0.3063,-1.787,0.8879,-0.241,-1.7793,0.8064,0.4396,-1.7319,-0.7814,0.4746,-1.8038,-0.7195
,0.4396,-1.7319,-0.7814,-0.3377,-1.8113,0.9806,0.4788,-1.6772,-1.1794,-0.3617,-1.8676,0.5084,0.4392,-1.8178,-0.954,0.3799,-1.766,-1.1674,0.2935,-1.8091,-1.0145,-0.2708,-1.9597,0.5413,-0.3234,-1.9474,0.7639,-0.1808,-1.9704,0.7,0.2805,-1.8746,-0.7599,0.3596,-1.8839,-0.714,-0.1479,-1.9031,0.9785,0.5661,-1.7821,-1.0775,0.5665,-1.8341,-0.8941,-0.4528,-1.9378,0.6406,-0.3711,-1.9436,0.5231
,0.4818,-1.8776,-0.7051,-0.3453,-1.8645,1.0336,-0.2236,-1.8797,1.0256,0.2325,-1.9186,-0.6161,0.3388,-1.9245,-0.5805,-0.0846,-1.8463,1.1263,0.238,-1.9611,-0.4939,0.3266,-1.963,-0.4558,-0.1874,-1.8276,1.1638,-0.0815,-1.7998,1.2521,0.4351,-1.9449,-0.4974,-0.279,-1.79,1.2471,-0.1685,-1.7784,1.2873,0.3266,-1.963,-0.4558,0.3954,-1.8867,-0.4986,0.4351,-1.9449,-0.4974,-0.2407,-1.7438,1.2098
,-0.1685,-1.7784,1.2873,-0.279,-1.79,1.2471,0.2387,-1.9013,-0.4789,0.3266,-1.963,-0.4558,0.238,-1.9611,-0.4939,-0.0828,-1.742,1.2285,-0.1685,-1.7784,1.2873,-0.1609,-1.7165,1.2507,0.4809,-1.7549,-1.1857,0.5661,-1.7821,-1.0775,-0.3711,-1.9436,0.5231,0.4809,-1.7549,-1.1857,0.3799,-1.766,-1.1674,-0.3711,-1.9436,0.5231,-0.2708,-1.9597,0.5413,0.3954,-1.8867,-0.4986,0.4818,-1.8776,-0.7051
