{"producer":{"name":"Blender","version":"2.78 (sub 0)","exporter_version":"5.6.4","file":"eggman.babylon"},
"autoClear":true,"clearColor":[0.0509,0.0509,0.0509],"ambientColor":[0,0,0],"gravity":[0,-9.81,0],
"materials":[{"name":"eggman.white","id":"eggman.white","ambient":[0.8,0.8,0.8],"diffuse":[0.64,0.64,0.64],"specular":[0.5,0.5,0.5],"emissive":[0,0,0],"specularPower":50,"alpha":1,"backFaceCulling":true,"checkReadyOnlyOnce":false,"maxSimultaneousLights":4},
{"name":"eggman.red","id":"eggman.red","ambient":[1,0,0],"diffuse":[0.8,0,0],"specular":[0.5,0.5,0.5],"emissive":[0,0,0],"specularPower":50,"alpha":1,"backFaceCulling":true,"checkReadyOnlyOnce":false,"maxSimultaneousLights":4}],
"multiMaterials":[{"name":"eggman.Multimaterial#0","id":"eggman.Multimaterial#0","materials":["eggman.white","eggman.red"]}],
"skeletons":[{"name":"EggManRig","id":0,"dimensionsAtRest":[1.3691,5.761,2.9406],"bones":[
{"name":"root","index":0,"matrix":[1,0,0,0,0,0,1,0,0,1,0,0,0,0,0,1],"rest":[1,0,0,0,0,0,1,0,0,1,0,0,0,0,0,1],"parentBoneIndex":-1,"length":1
,"animation":{"dataType":3,"framePerSecond":24,"keys":[
{"frame":1,"values":[1,0,0,0,0,0,1,0,0,1,0,0,0,0,0,1]},
{"frame":81,"values":[1,0,0,0,0,0,1,0,0,1,0,0,0,0,0,1]}],"loopBehavior":1,"name":"anim","property":"_matrix"}},
{"name":"foot.ik.R","index":1,"matrix":[-1.0001,0,0,0,0,-1,0,0,0,0,1.0004,0,-0.5499,0,0.2411,1],"rest":[-1,0,0,0,0,-1,0,0,0,0,1,0,-0.5499,0,0.2411,1],"parentBoneIndex":0,"length":0.7
,"animation":{"dataType":3,"framePerSecond":24,"keys":[
{"frame":1,"values":[-1.0001,0,0,0,0,-1,0,0,0,0,1.0004,0,-0.5499,0,0.2411,1]},
{"frame":2,"values":[-1.0001,0,0,0,0,-1,0,0,0,0,1.0004,0,-0.5499,-0.0042,0.2435,1]},
{"frame":3,"values":[-1.0001,0,0,0,0,-1,0,0,0,0,1.0004,0,-0.5499,-0.0168,0.2507,1]},
{"frame":4,"values":[-1.0001,0,0,0,0,-1,0,0,0,0,1.0004,0,-0.5499,-0.0378,0.2626,1]},
{"frame":5,"values":[-1.0001,0,0,0,0,-1,0,0,0,0,1.0004,0,-0.5499,-0.0673,0.2793,1]},
{"frame":6,"values":[-1.0001,0,0,0,0,-1,0,0,0,0,1.0004,0,-0.5499,-0.1048,0.3006,1]},
{"frame":7,"values":[-1.0001,0,0,0,0,-1,0,0,0,0,1.0004,0,-0.5499,-0.1498,0.3262,1]},
{"frame":8,"values":[-1.0001,0,0,0,0,-1,0,0,0,0,1.0004,0,-0.5499,-0.2015,0.3555,1]},
{"frame":9,"values":[-1.0001,0,0,0,0,-1,0,0,0,0,1.0004,0,-0.5499,-0.2588,0.3881,1]},
{"frame":10,"values":[-1.0001,0,0,0,0,-1,0,0,0,0,1.0004,0,-0.5499,-0.3204,0.423,1]},
{"frame":11,"values":[-1.0001,0,0,0,0,-1,0,0,0,0,1.0004,0,-0.5499,-0.3845,0.4595,1]},
{"frame":12,"values":[-1.0001,0,0,0,0,-1,0,0,0,0,1.0004,0,-0.5499,-0.4496,0.4964,1]},
{"frame":13,"values":[-1.0001,0,0,0,0,-1,0,0,0,0,1.0004,0,-0.5499,-0.5138,0.5329,1]},
{"frame":14,"values":[-1.0001,0,0,0,0,-1,0,0,0,0,1.0004,0,-0.5499,-0.5754,0.5678,1]},
{"frame":15,"values":[-1.0001,0,0,0,0,-1,0,0,0,0,1.0004,0,-0.5499,-0.6327,0.6003,1]},
{"frame":16,"values":[-1.0001,0,0,0,0,-1,0,0,0,0,1.0004,0,-0.5499,-0.6844,0.6297,1]},
{"frame":17,"values":[-1.0001,0,0,0,0,-1,0,0,0,0,1.0004,0,-0.5499,-0.7294,0.6552,1]},
{"frame":18,"values":[-1.0001,0,0,0,0,-1,0,0,0,0,1.0004,0,-0.5499,-0.7669,0.6765,1]},
{"frame":19,"values":[-1.0001,0,0,0,0,-1,0,0,0,0,1.0004,0,-0.5499,-0.7963,0.6932,1]},
{"frame":20,"values":[-1.0001,0,0,0,0,-1,0,0,0,0,1.0004,0,-0.5499,-0.8174,0.7052,1]},
{"frame":21,"values":[-1.0001,0,0,0,0,-1,0,0,0,0,1.0004,0,-0.5499,-0.83,0.7124,1]},
{"frame":22,"values":[-1.0001,0,0,0,0,-1,0,0,0,0,1.0004,0,-0.5499,-0.8342,0.7147,1]},
{"frame":23,"values":[-1.0001,0,0,0,0,-1,0,0,0,0,1.0004,0,-0.5499,-0.8306,0.7068,1]},
{"frame":24,"values":[-1.0001,0,0,0,0,-1,0,0,0,0,1.0004,0,-0.5499,-0.8189,0.6824,1]},
{"frame":25,"values":[-1.0001,0,0,0,0,-1,0,0,0,0,1.0004,0,-0.5499,-0.7986,0.6423,1]},
{"frame":26,"values":[-1.0001,0,0,0,0,-1,0,0,0,0,1.0004,0,-0.5499,-0.7693,0.5893,1]},
{"frame":27,"values":[-1.0001,0,0,0,0,-1,0,0,0,0,1.0004,0,-0.5499,-0.7325,0.5291,1]},
{"frame":28,"values":[-1.0001,0,0,0,0,-1,0,0,0,0,1.0004,0,-0.5499,-0.6902,0.4686,1]},
{"frame":29,"values":[-1.0001,0,0,0,0,-1,0,0,0,0,1.0004,0,-0.5499,-0.6451,0.4142,1]},
{"frame":30,"values":[-1.0001,0,0,0,0,-1,0,0,0,0,1.0004,0,-0.5499,-0.5996,0.3702,1]},
{"frame":31,"values":[-1.0001,0,0,0,0,-1,0,0,0,0,1.0004,0,-0.5499,-0.5553,0.3388,1]},
{"frame":32,"values":[-1.0001,0,0,0,0,-1,0,0,0,0,1.0004,0,-0.5499,-0.5095,0.315,1]},
{"frame":33,"values":[-1.0001,0,0,0,0,-1,0,0,0,0,1.0004,0,-0.5499,-0.4584,0.2942,1]},
{"frame":34,"values":[-1.0001,0,0,0,0,-1,0,0,0,0,1.0004,0,-0.5499,-0.4025,0.2768,1]},
{"frame":35,"values":[-1.0001,0,0,0,0,-1,0,0,0,0,1.0004,0,-0.5499,-0.3425,0.2632,1]},
{"frame":36,"values":[-1.0001,0,0,0,0,-1,0,0,0,0,1.0004,0,-0.5499,-0.2802,0.2533,1]},
{"frame":37,"values":[-1.0001,0,0,0,0,-1,0,0,0,0,1.0004,0,-0.5499,-0.2176,0.247,1]},
{"frame":38,"values":[-1.0001,0,0,0,0,-1,0,0,0,0,1.0004,0,-0.5499,-0.1569,0.2434,1]},
{"frame":39,"values":[-1.0001,0,0,0,0,-1,0,0,0,0,1.0004,0,-0.5499,-0.0999,0.2417,1]},
{"frame":40,"values":[-1.0001,0,0,0,0,-1,0,0,0,0,1.0004,0,-0.5499,-0.0474,0.2412,1]},
{"frame":41,"values":[-1.0001,0,0,0,0,-1,0,0,0,0,1.0004,0,-0.5499,0,0.2411,1]},
{"frame":42,"values":[-1.0001,0,0,0,0,-1,0,0,0,0,1.0004,0,-0.5499,0.0457,0.2411,1]},
{"frame":43,"values":[-1.0001,0,0,0,0,-1,0,0,0,0,1.0004,0,-0.5499,0.0928,0.2411,1]},
{"frame":44,"values":[-1.0001,0,0,0,0,-1,0,0,0,0,1.0004,0,-0.5499,0.141,0.2411,1]},
{"frame":45,"values":[-1.0001,0,0,0,0,-1,0,0,0,0,1.0004,0,-0.5499,0.1901,0.2411,1]},
{"frame":46,"values":[-1.0001,0,0,0,0,-1,0,0,0,0,1.0004,0,-0.5499,0.2396,0.2411,1]},
{"frame":47,"values":[-1.0001,0,0,0,0,-1,0,0,0,0,1.0004,0,-0.5499,0.2892,0.2411,1]},
{"frame":48,"values":[-1.0001,0,0,0,0,-1,0,0,0,0,1.0004,0,-0.5499,0.3382,0.2411,1]},
{"frame":49,"values":[-1.0001,0,0,0,0,-1,0,0,0,0,1.0004,0,-0.5499,0.386,0.2411,1]},
{"frame":50,"values":[-1.0001,0,0,0,0,-1,0,0,0,0,1.0004,0,-0.5499,0.432,0.2411,1]},
{"frame":51,"values":[-1.0001,0,0,0,0,-1,0,0,0,0,1.0004,0,-0.5499,0.4755,0.2411,1]},
{"frame":52,"values":[-1.0001,0,0,0,0,-1,0,0,0,0,1.0004,0,-0.5499,0.5158,0.2411,1]},
{"frame":53,"values":[-1.0001,0,0,0,0,-1,0,0,0,0,1.0004,0,-0.5499,0.5524,0.2411,1]},
{"frame":54,"values":[-1.0001,0,0,0,0,-1,0,0,0,0,1.0004,0,-0.5499,0.585,0.2411,1]},
{"frame":55,"values":[-1.0001,0,0,0,0,-1,0,0,0,0,1.0004,0,-0.5499,0.6131,0.2411,1]},
{"frame":56,"values":[-1.0001,0,0,0,0,-1,0,0,0,0,1.0004,0,-0.5499,0.6366,0.2411,1]},
{"frame":57,"values":[-1.0001,0,0,0,0,-1,0,0,0,0,1.0004,0,-0.5499,0.6555,0.2411,1]},
{"frame":58,"values":[-1.0001,0,0,0,0,-1,0,0,0,0,1.0004,0,-0.5499,0.6699,0.2411,1]},
{"frame":59,"values":[-1.0001,0,0,0,0,-1,0,0,0,0,1.0004,0,-0.5499,0.6799,0.2411,1]},
{"frame":60,"values":[-1.0001,0,0,0,0,-1,0,0,0,0,1.0004,0,-0.5499,0.6857,0.2411,1]},
{"frame":61,"values":[-1.0001,0,0,0,0,-1,0,0,0,0,1.0004,0,-0.5499,0.6876,0.2411,1]},
{"frame":62,"values":[-1.0001,0,0,0,0,-1,0,0,0,0,1.0004,0,-0.5499,0.6838,0.2411,1]},
{"frame":63,"values":[-1.0001,0,0,0,0,-1,0,0,0,0,1.0004,0,-0.5499,0.6724,0.2411,1]},
{"frame":64,"values":[-1.0001,0,0,0,0,-1,0,0,0,0,1.0004,0,-0.5499,0.6532,0.2411,1]},
{"frame":65,"values":[-1.0001,0,0,0,0,-1,0,0,0,0,1.0004,0,-0.5499,0.6265,0.2411,1]},
{"frame":66,"values":[-1.0001,0,0,0,0,-1,0,0,0,0,1.0004,0,-0.5499,0.5925,0.2411,1]},
{"frame":67,"values":[-1.0001,0,0,0,0,-1,0,0,0,0,1.0004,0,-0.5499,0.5519,0.2411,1]},
{"frame":68,"values":[-1.0001,0,0,0,0,-1,0,0,0,0,1.0004,0,-0.5499,0.5055,0.2411,1]},
{"frame":69,"values":[-1.0001,0,0,0,0,-1,0,0,0,0,1.0004,0,-0.5499,0.4543,0.2411,1]},
{"frame":70,"values":[-1.0001,0,0,0,0,-1,0,0,0,0,1.0004,0,-0.5499,0.3999,0.2411,1]},
{"frame":71,"values":[-1.0001,0,0,0,0,-1,0,0,0,0,1.0004,0,-0.5499,0.3438,0.2411,1]},
{"frame":72,"values":[-1.0001,0,0,0,0,-1,0,0,0,0,1.0004,0,-0.5499,0.2877,0.2411,1]},
{"frame":73,"values":[-1.0001,0,0,0,0,-1,0,0,0,0,1.0004,0,-0.5499,0.2333,0.2411,1]},
{"frame":74,"values":[-1.0001,0,0,0,0,-1,0,0,0,0,1.0004,0,-0.5499,0.1822,0.2411,1]},
{"frame":75,"values":[-1.0001,0,0,0,0,-1,0,0,0,0,1.0004,0,-0.5499,0.1357,0.2411,1]},
{"frame":76,"values":[-1.0001,0,0,0,0,-1,0,0,0,0,1.0004,0,-0.5499,0.0951,0.2411,1]},
{"frame":77,"values":[-1.0001,0,0,0,0,-1,0,0,0,0,1.0004,0,-0.5499,0.0611,0.2411,1]},
{"frame":78,"values":[-1.0001,0,0,0,0,-1,0,0,0,0,1.0004,0,-0.5499,0.0344,0.2411,1]},
{"frame":79,"values":[-1.0001,0,0,0,0,-1,0,0,0,0,1.0004,0,-0.5499,0.0152,0.2411,1]},
{"frame":80,"values":[-1.0001,0,0,0,0,-1,0,0,0,0,1.0004,0,-0.5499,0.0038,0.2411,1]},
{"frame":81,"values":[-1.0001,0,0,0,0,-1,0,0,0,0,1.0004,0,-0.5499,0,0.2411,1]}],"loopBehavior":1,"name":"anim","property":"_matrix"}},
{"name":"MCH-foot_side_roll.R","index":2,"matrix":[-1,0,0,0,0,0,1,0,0,1,0,0,-0.0002,0.9501,-0.2277,1],"rest":[-1,0,0,0,0,0,1,0,0,1,0,0,-0.0002,0.9501,-0.2277,1],"parentBoneIndex":1,"length":0.1
,"animation":{"dataType":3,"framePerSecond":24,"keys":[
{"frame":1,"values":[-1,0,0,0,0,0,1,0,0,1,0,0,-0.0002,0.9501,-0.2277,1]},
{"frame":81,"values":[-1,0,0,0,0,0,1,0,0,1,0,0,-0.0002,0.9501,-0.2277,1]}],"loopBehavior":1,"name":"anim","property":"_matrix"}},
{"name":"MCH-toe_side_roll_parent.R","index":3,"matrix":[-1,0,0,0,0,0,1,0,0,1,0,0,-0.1359,0.1996,-0.2404,1],"rest":[-1,0,0,0,0,0,1,0,0,1,0,0,-0.1359,0.1996,-0.2404,1],"parentBoneIndex":1,"length":0.2129
,"animation":{"dataType":3,"framePerSecond":24,"keys":[
{"frame":1,"values":[-1,0,0,0,0,0,1,0,0,1,0,0,-0.1359,0.1996,-0.2404,1]},
{"frame":81,"values":[-1,0,0,0,0,0,1,0,0,1,0,0,-0.1359,0.1996,-0.2404,1]}],"loopBehavior":1,"name":"anim","property":"_matrix"}},
{"name":"MCH-foot_side_rocker.R","index":4,"matrix":[-0.0003,-1,0.0003,0,1,-0.0003,0.002,0,-0.002,0.0003,1,0,-0.2705,0,-0.0003,1],"rest":[-0.0003,-1,0.0003,0,1,-0.0003,0.002,0,-0.002,0.0003,1,0,-0.2705,0,-0.0003,1],"parentBoneIndex":3,"length":0.2705
,"animation":{"dataType":3,"framePerSecond":24,"keys":[
{"frame":1,"values":[-0.0003,-1,0.0003,0,1,-0.0003,0.002,0,-0.002,0.0003,1,0,-0.2705,0,-0.0003,1]},
{"frame":81,"values":[-0.0003,-1,0.0003,0,1,-0.0003,0.002,0,-0.002,0.0003,1,0,-0.2705,0,-0.0003,1]}],"loopBehavior":1,"name":"anim","property":"_matrix"}},
{"name":"MCH-foot_parent_3.R","index":5,"matrix":[0.0003,-1,0.002,0,0.0003,0.002,1,0,-1,-0.0003,0.0003,0,-0.2405,0.1341,-0.1996,1],"rest":[0.0003,-1,0.002,0,0.0003,0.002,1,0,-1,-0.0003,0.0003,0,-0.2405,0.1341,-0.1996,1],"parentBoneIndex":4,"length":0.6
,"animation":{"dataType":3,"framePerSecond":24,"keys":[
{"frame":1,"values":[0.0003,-1,0.002,0,0.0003,0.002,1,0,-1,-0.0003,0.0003,0,-0.2405,0.1341,-0.1996,1]},
{"frame":81,"values":[0.0003,-1,0.002,0,0.0003,0.002,1,0,-1,-0.0003,0.0003,0,-0.2405,0.1341,-0.1996,1]}],"loopBehavior":1,"name":"anim","property":"_matrix"}},
{"name":"toe_pivot.R","index":6,"matrix":[-1,0,0,0,0,0,1,0,0,1,0,0,-0.0002,0.8501,-0.2277,1],"rest":[-1,0,0,0,0,0,1,0,0,1,0,0,-0.0002,0.8501,-0.2277,1],"parentBoneIndex":5,"length":0.1
,"animation":{"dataType":3,"framePerSecond":24,"keys":[
{"frame":1,"values":[-1,0,0,0,0,0,1,0,0,1,0,0,-0.0002,0.8501,-0.2277,1]},
{"frame":81,"values":[-1,0,0,0,0,0,1,0,0,1,0,0,-0.0002,0.8501,-0.2277,1]}],"loopBehavior":1,"name":"anim","property":"_matrix"}},
{"name":"MCH-toe_pivot_parent.R","index":7,"matrix":[-1,0,0,0,0,0,1,0,0,1,0,0,-0.0002,0.6501,-0.2277,1],"rest":[-1,0,0,0,0,0,1,0,0,1,0,0,-0.0002,0.6501,-0.2277,1],"parentBoneIndex":5,"length":0.1517
,"animation":{"dataType":3,"framePerSecond":24,"keys":[
{"frame":1,"values":[-1,0,0,0,0,0,1,0,0,1,0,0,-0.0002,0.6501,-0.2277,1]},
{"frame":81,"values":[-1,0,0,0,0,0,1,0,0,1,0,0,-0.0002,0.6501,-0.2277,1]}],"loopBehavior":1,"name":"anim","property":"_matrix"}},
{"name":"MCH-foot_parent_2.R","index":8,"matrix":[-1,0,0,0,0,0,1,0,0,1,0,0,-0.0002,0.2277,-0.6501,1],"rest":[-1,0,0,0,0,0,1,0,0,1,0,0,-0.0002,0.2277,-0.6501,1],"parentBoneIndex":7,"length":0.5
,"animation":{"dataType":3,"framePerSecond":24,"keys":[
{"frame":1,"values":[-1,0,0,0,0,0,1,0,0,1,0,0,-0.0002,0.2277,-0.6501,1]},
{"frame":81,"values":[-1,0,0,0,0,0,1,0,0,1,0,0,-0.0002,0.2277,-0.6501,1]}],"loopBehavior":1,"name":"anim","property":"_matrix"}},
{"name":"toe_roll.R","index":9,"matrix":[-1,0,0,0,0,0,1,0,0,1,0,0,-0.0002,0.7501,-0.2277,1],"rest":[-1,0,0,0,0,0,1,0,0,1,0,0,-0.0002,0.7501,-0.2277,1],"parentBoneIndex":8,"length":0.1
,"animation":{"dataType":3,"framePerSecond":24,"keys":[
{"frame":1,"values":[-1,0,0,0,0,0,1,0,0,1,0,0,-0.0002,0.7501,-0.2277,1]},
{"frame":81,"values":[-1,0,0,0,0,0,1,0,0,1,0,0,-0.0002,0.7501,-0.2277,1]}],"loopBehavior":1,"name":"anim","property":"_matrix"}},
{"name":"MCH-toe_roll_parent.R","index":10,"matrix":[-1,0,0,0,0,0,1,0,0,1,0,0,-0.0002,0.6501,-0.2277,1],"rest":[-1,0,0,0,0,0,1,0,0,1,0,0,-0.0002,0.6501,-0.2277,1],"parentBoneIndex":8,"length":0.1
,"animation":{"dataType":3,"framePerSecond":24,"keys":[
{"frame":1,"values":[-1,0,0,0,0,0,1,0,0,1,0,0,-0.0002,0.6501,-0.2277,1]},
{"frame":81,"values":[-1,0,0,0,0,0,1,0,0,1,0,0,-0.0002,0.6501,-0.2277,1]}],"loopBehavior":1,"name":"anim","property":"_matrix"}},
{"name":"MCH-foot_parent_1.R","index":11,"matrix":[-1,-0.0004,0.0015,0,0.0015,0,1,0,-0.0004,1,0,0,-0.0002,0.2277,-0.6501,1],"rest":[-1,-0.0004,0.0015,0,0.0015,0,1,0,-0.0004,1,0,0,-0.0002,0.2277,-0.6501,1],"parentBoneIndex":10,"length":0.3974
,"animation":{"dataType":3,"framePerSecond":24,"keys":[
{"frame":1,"values":[-1,-0.0004,0.0015,0,0.0015,0,1,0,-0.0004,1,0,0,-0.0002,0.2277,-0.6501,1]},
{"frame":81,"values":[-1,-0.0004,0.0015,0,0.0015,0,1,0,-0.0004,1,0,0,-0.0002,0.2277,-0.6501,1]}],"loopBehavior":1,"name":"anim","property":"_matrix"}},
{"name":"foot_roll.R","index":12,"matrix":[-1,0.0015,-0.0004,0,-0.001,-0.4472,0.8944,0,0.0012,0.8944,0.4472,0,-0.001,-0.3356,-0.2404,1],"rest":[-1,0.0015,-0.0004,0,-0.001,-0.4472,0.8944,0,0.0012,0.8944,0.4472,0,-0.001,-0.3356,-0.2404,1],"parentBoneIndex":11,"length":0.2237
,"animation":{"dataType":3,"framePerSecond":24,"keys":[
{"frame":1,"values":[-1,0.0015,-0.0004,0,-0.001,-0.4472,0.8944,0,0.0012,0.8944,0.4472,0,-0.001,-0.3356,-0.2404,1]},
{"frame":81,"values":[-1,0.0015,-0.0004,0,-0.001,-0.4472,0.8944,0,0.0012,0.8944,0.4472,0,-0.001,-0.3356,-0.2404,1]}],"loopBehavior":1,"name":"anim","property":"_matrix"}},
{"name":"knee_target.R","index":13,"matrix":[0.9999,-0.0151,0.0004,0,0.0151,0.9999,0,0,-0.0004,0,1,0,-0.0034,1.5406,0.9363,1],"rest":[0.999,-0.0151,0.0004,0,0.0151,0.9999,0,0,-0.0004,0,1,0,-0.0034,1.5406,0.9363,1],"parentBoneIndex":11,"length":0.4
,"animation":{"dataType":3,"framePerSecond":24,"keys":[
{"frame":1,"values":[0.9999,-0.0151,0.0004,0,0.0151,0.9999,0,0,-0.0004,0,1,0,-0.0034,1.5406,0.9363,1]},
{"frame":81,"values":[0.9999,-0.0151,0.0004,0,0.0151,0.9999,0,0,-0.0004,0,1,0,-0.0034,1.5406,0.9363,1]}],"loopBehavior":1,"name":"anim","property":"_matrix"}},
{"name":"MCH-rocker_parent.R","index":14,"matrix":[-1,0.0015,-0.0004,0,-0.0004,0,1,0,0.0015,1,0,0,-0.0009,-0.2356,-0.2404,1],"rest":[-1,0.0015,-0.0004,0,-0.0004,0,1,0,0.0015,1,0,0,-0.0009,-0.2356,-0.2404,1],"parentBoneIndex":11,"length":0.2001
,"animation":{"dataType":3,"framePerSecond":24,"keys":[
{"frame":1,"values":[-1,0.0015,-0.0004,0,-0.0004,0,1,0,0.0015,1,0,0,-0.0009,-0.2356,-0.2404,1]},
{"frame":81,"values":[-1,0.0015,-0.0004,0,-0.0004,0,1,0,0.0015,1,0,0,-0.0009,-0.2356,-0.2404,1]}],"loopBehavior":1,"name":"anim","property":"_matrix"}},
{"name":"toe.ik.R","index":15,"matrix":[-1,0.0002,-0.0022,0,-0.0022,0,0.9996,0,0.0002,1,0,0,-0.0011,0.0048,0.5764,1],"rest":[-1,0,0,0,0,0,1,0,0,1,0,0,-0.0004,0.0047,0.5764,1],"parentBoneIndex":14,"length":0.2999
,"animation":{"dataType":3,"framePerSecond":24,"keys":[
{"frame":1,"values":[-1,0.0002,-0.0022,0,-0.0022,0,0.9996,0,0.0002,1,0,0,-0.0011,0.0048,0.5764,1]},
{"frame":81,"values":[-1,0.0002,-0.0022,0,-0.0022,0,0.9996,0,0.0002,1,0,0,-0.0011,0.0048,0.5764,1]}],"loopBehavior":1,"name":"anim","property":"_matrix"}},
{"name":"MCH-rocker.R","index":16,"matrix":[1,0,0.0008,0,0.0008,-0.0085,-1,0,0,1,-0.0085,0,-0.0004,0,0.6757,1],"rest":[1,0,0.0008,0,0.0008,-0.0085,-1,0,0,1,-0.0085,0,-0.0004,0,0.6757,1],"parentBoneIndex":14,"length":0.552
,"animation":{"dataType":3,"framePerSecond":24,"keys":[
{"frame":1,"values":[1,0,0.0008,0,0.0008,-0.0085,-1,0,0,1,-0.0085,0,-0.0004,0,0.6757,1]},
{"frame":81,"values":[1,0,0.0008,0,0.0008,-0.0085,-1,0,0,1,-0.0085,0,-0.0004,0,0.6757,1]}],"loopBehavior":1,"name":"anim","property":"_matrix"}},
{"name":"MCH-foot.ik.R","index":17,"matrix":[-1,-0.0028,-0.0003,0,0.0028,-1,-0.0085,0,0,-0.0085,1.0003,0,-0.0005,0.438,0.2441,1],"rest":[-1,-0.0028,0,0,0.0028,-1,-0.0085,0,0,-0.0085,1,0,-0.0005,0.438,0.2441,1],"parentBoneIndex":16,"length":0.3
,"animation":{"dataType":3,"framePerSecond":24,"keys":[
{"frame":1,"values":[-1,-0.0028,-0.0003,0,0.0028,-1,-0.0085,0,0,-0.0085,1.0003,0,-0.0005,0.438,0.2441,1]},
{"frame":81,"values":[-1,-0.0028,-0.0003,0,0.0028,-1,-0.0085,0,0,-0.0085,1.0003,0,-0.0005,0.438,0.2441,1]}],"loopBehavior":1,"name":"anim","property":"_matrix"}},
{"name":"hips","index":18,"matrix":[1,0,0,0,0,1,0,0,0,0,1,0,0,0,2.2655,1],"rest":[1,0,0,0,0,1,0,0,0,0,1,0,0,0,2.2655,1],"parentBoneIndex":0,"length":1
,"animation":{"dataType":3,"framePerSecond":24,"keys":[
{"frame":1,"values":[1,0,0,0,0,1,0,0,0,0,1,0,0,0,2.2655,1]},
{"frame":81,"values":[1,0,0,0,0,1,0,0,0,0,1,0,0,0,2.2655,1]}],"loopBehavior":1,"name":"anim","property":"_matrix"}},
{"name":"head","index":19,"matrix":[1,0,0,0,0,0,1,0,0,-1,0,0,0,0,2.4916,1],"rest":[1,0,0,0,0,0,1,0,0,-1,0,0,0,0,2.4916,1],"parentBoneIndex":18,"length":1
,"animation":{"dataType":3,"framePerSecond":24,"keys":[
{"frame":1,"values":[1,0,0,0,0,0,1,0,0,-1,0,0,0,0,2.4916,1]},
{"frame":81,"values":[1,0,0,0,0,0,1,0,0,-1,0,0,0,0,2.4916,1]}],"loopBehavior":1,"name":"anim","property":"_matrix"}},
{"name":"squash_down","index":20,"matrix":[1,0,0,0,0,0,1,0,0,-1,0,0,0,0,-0.3565,1],"rest":[1,0,0,0,0,0,1,0,0,-1,0,0,0,0,-0.3565,1],"parentBoneIndex":18,"length":2.8481
,"animation":{"dataType":3,"framePerSecond":24,"keys":[
{"frame":1,"values":[1,0,0,0,0,0,1,0,0,-1,0,0,0,0,-0.3565,1]},
{"frame":81,"values":[1,0,0,0,0,0,1,0,0,-1,0,0,0,0,-0.3565,1]}],"loopBehavior":1,"name":"anim","property":"_matrix"}},
{"name":"UpLeg_parent.L","index":21,"matrix":[1,0,0,0,0,0,1,0,0,-1,0,0,0.5472,0,-0.2,1],"rest":[1,0,0,0,0,0,1,0,0,-1,0,0,0.5472,0,-0.2,1],"parentBoneIndex":18,"length":0.4
,"animation":{"dataType":3,"framePerSecond":24,"keys":[
{"frame":1,"values":[1,0,0,0,0,0,1,0,0,-1,0,0,0.5472,0,-0.2,1]},
{"frame":81,"values":[1,0,0,0,0,0,1,0,0,-1,0,0,0.5472,0,-0.2,1]}],"loopBehavior":1,"name":"anim","property":"_matrix"}},
{"name":"UpLeg_parent.R","index":22,"matrix":[1,0,0,0,0,0,1,0,0,-1,0,0,-0.5472,0,-0.2,1],"rest":[1,0,0,0,0,0,1,0,0,-1,0,0,-0.5472,0,-0.2,1],"parentBoneIndex":18,"length":0.4
,"animation":{"dataType":3,"framePerSecond":24,"keys":[
{"frame":1,"values":[1,0,0,0,0,0,1,0,0,-1,0,0,-0.5472,0,-0.2,1]},
{"frame":81,"values":[1,0,0,0,0,0,1,0,0,-1,0,0,-0.5472,0,-0.2,1]}],"loopBehavior":1,"name":"anim","property":"_matrix"}},
{"name":"UpLeg.ik.nostr.R","index":23,"matrix":[-1,-0.0028,-0.0032,0,0.0033,-0.0456,-0.999,0,0.0027,-0.999,0.0456,0,-0.5472,0,-0.2,1],"rest":[-1,0.003,-0.0032,0,0.003,-0.0456,-0.999,0,-0.0032,-0.999,0.0456,0,-0.5472,0,-0.2,1],"parentBoneIndex":18,"length":0.8889
,"animation":{"dataType":3,"framePerSecond":24,"keys":[
{"frame":1,"values":[-1,-0.0028,-0.0032,0,0.0033,-0.0456,-0.999,0,0.0027,-0.999,0.0456,0,-0.5472,0,-0.2,1]},
{"frame":2,"values":[-1,-0.003,-0.0056,0,0.0058,-0.0714,-0.9974,0,0.0026,-0.9974,0.0714,0,-0.5472,0,-0.2,1]},
{"frame":3,"values":[-0.9999,-0.0035,-0.0101,0,0.0104,-0.1224,-0.9924,0,0.0022,-0.9925,0.1224,0,-0.5472,0,-0.2,1]},
{"frame":4,"values":[-0.9999,-0.0044,-0.0149,0,0.0155,-0.1818,-0.9832,0,0.0016,-0.9833,0.1819,0,-0.5472,0,-0.2,1]},
{"frame":5,"values":[-0.9998,-0.0057,-0.0197,0,0.0205,-0.2458,-0.9691,0,0.0007,-0.9693,0.2459,0,-0.5472,0,-0.2,1]},
{"frame":6,"values":[-0.9997,-0.0075,-0.0242,0,0.0254,-0.3125,-0.9496,0,-0.0004,-0.9499,0.3126,0,-0.5472,0,-0.2,1]},
{"frame":7,"values":[-0.9995,-0.0099,-0.0284,0,0.03,-0.3803,-0.9244,0,-0.0017,-0.9248,0.3804,0,-0.5472,0,-0.2,1]},
{"frame":8,"values":[-0.9994,-0.0126,-0.032,0,0.0343,-0.4478,-0.8935,0,-0.003,-0.894,0.448,0,-0.5472,0,-0.2,1]},
{"frame":9,"values":[-0.9993,-0.0158,-0.035,0,0.0381,-0.5135,-0.8572,0,-0.0045,-0.8579,0.5137,0,-0.5472,0,-0.2,1]},
{"frame":10,"values":[-0.9991,-0.0191,-0.0373,0,0.0415,-0.5757,-0.8166,0,-0.0058,-0.8174,0.576,0,-0.5472,0,-0.2,1]},
{"frame":11,"values":[-0.999,-0.0226,-0.0388,0,0.0444,-0.6332,-0.7727,0,-0.0071,-0.7737,0.6336,0,-0.5472,0,-0.2,1]},
{"frame":12,"values":[-0.9989,-0.0261,-0.0396,0,0.0467,-0.6847,-0.7273,0,-0.0082,-0.7283,0.6852,0,-0.5472,0,-0.2,1]},
{"frame":13,"values":[-0.9988,-0.0293,-0.0397,0,0.0485,-0.7297,-0.6821,0,-0.009,-0.6832,0.7302,0,-0.5472,0,-0.2,1]},
{"frame":14,"values":[-0.9987,-0.0321,-0.0393,0,0.0498,-0.7677,-0.6388,0,-0.0097,-0.64,0.7684,0,-0.5472,0,-0.2,1]},
{"frame":15,"values":[-0.9987,-0.0345,-0.0386,0,0.0508,-0.7992,-0.5989,0,-0.0102,-0.6001,0.7999,0,-0.5472,0,-0.2,1]},
{"frame":16,"values":[-0.9986,-0.0365,-0.0376,0,0.0514,-0.8244,-0.5637,0,-0.0104,-0.5649,0.8251,0,-0.5472,0,-0.2,1]},
{"frame":17,"values":[-0.9986,-0.038,-0.0366,0,0.0517,-0.844,-0.5338,0,-0.0106,-0.535,0.8448,0,-0.5472,0,-0.2,1]},
{"frame":18,"values":[-0.9986,-0.0392,-0.0356,0,0.0518,-0.8588,-0.5096,0,-0.0106,-0.5108,0.8597,0,-0.5472,0,-0.2,1]},
{"frame":19,"values":[-0.9986,-0.04,-0.0347,0,0.0519,-0.8695,-0.4911,0,-0.0106,-0.4923,0.8704,0,-0.5472,0,-0.2,1]},
{"frame":20,"values":[-0.9986,-0.0405,-0.0341,0,0.0518,-0.8767,-0.4782,0,-0.0105,-0.4793,0.8776,0,-0.5472,0,-0.2,1]},
{"frame":21,"values":[-0.9986,-0.0407,-0.0336,0,0.0518,-0.8808,-0.4706,0,-0.0105,-0.4717,0.8817,0,-0.5472,0,-0.2,1]},
{"frame":22,"values":[-0.9986,-0.0408,-0.0335,0,0.0518,-0.8821,-0.4682,0,-0.0105,-0.4692,0.883,0,-0.5472,0,-0.2,1]},
{"frame":23,"values":[-0.9986,-0.0402,-0.0334,0,0.0513,-0.8773,-0.4771,0,-0.0102,-0.4782,0.8782,0,-0.5472,0,-0.2,1]},
{"frame":24,"values":[-0.9987,-0.0381,-0.0331,0,0.0496,-0.8619,-0.5046,0,-0.0093,-0.5056,0.8627,0,-0.5472,0,-0.2,1]},
{"frame":25,"values":[-0.9989,-0.0347,-0.0324,0,0.0468,-0.8339,-0.5499,0,-0.0079,-0.5508,0.8346,0,-0.5472,0,-0.2,1]},
{"frame":26,"values":[-0.9991,-0.0302,-0.0309,0,0.0428,-0.7913,-0.6099,0,-0.0061,-0.6107,0.7919,0,-0.5472,0,-0.2,1]},
{"frame":27,"values":[-0.9993,-0.0249,-0.0284,0,0.0375,-0.7334,-0.6787,0,-0.0039,-0.6793,0.7338,0,-0.5472,0,-0.2,1]},
{"frame":28,"values":[-0.9995,-0.0193,-0.0246,0,0.0312,-0.6619,-0.7489,0,-0.0018,-0.7493,0.6622,0,-0.5472,0,-0.2,1]},
{"frame":29,"values":[-0.9997,-0.0142,-0.0198,0,0.0243,-0.5808,-0.8137,0,0.0001,-0.8139,0.581,0,-0.5472,0,-0.2,1]},
{"frame":30,"values":[-0.9999,-0.0098,-0.0143,0,0.0173,-0.4959,-0.8682,0,0.0014,-0.8683,0.496,0,-0.5472,0,-0.2,1]},
{"frame":31,"values":[-0.9999,-0.0066,-0.009,0,0.011,-0.4168,-0.9089,0,0.0023,-0.909,0.4168,0,-0.5472,0,-0.2,1]},
{"frame":32,"values":[-1,-0.0042,-0.0036,0,0.0048,-0.3359,-0.9419,0,0.0027,-0.9419,0.3359,0,-0.5472,0,-0.2,1]},
{"frame":33,"values":[-1,-0.0024,0.0018,0,-0.0012,-0.2535,-0.9673,0,0.0028,-0.9673,0.2535,0,-0.5472,0,-0.2,1]},
{"frame":34,"values":[-1,-0.0025,0.0018,0,-0.0012,-0.2224,-0.9749,0,0.0028,-0.9749,0.2224,0,-0.5472,0,-0.2,1]},
{"frame":35,"values":[-1,-0.0025,0.0017,0,-0.0012,-0.1896,-0.9819,0,0.0028,-0.9819,0.1896,0,-0.5472,0,-0.2,1]},
{"frame":36,"values":[-1,-0.0025,0.0016,0,-0.0012,-0.1557,-0.9878,0,0.0027,-0.9878,0.1557,0,-0.5472,0,-0.2,1]},
{"frame":37,"values":[-1,-0.0026,0.0015,0,-0.0012,-0.1218,-0.9926,0,0.0027,-0.9926,0.1218,0,-0.5472,0,-0.2,1]},
{"frame":38,"values":[-1,-0.0026,0.0014,0,-0.0012,-0.0888,-0.9961,0,0.0027,-0.996,0.0888,0,-0.5472,0,-0.2,1]},
{"frame":39,"values":[-1,-0.0027,0.0013,0,-0.0012,-0.0577,-0.9983,0,0.0027,-0.9983,0.0577,0,-0.5472,0,-0.2,1]},
{"frame":40,"values":[-1,-0.0029,-0.0023,0,0.0025,-0.0641,-0.9979,0,0.0027,-0.9979,0.0641,0,-0.5472,0,-0.2,1]},
{"frame":41,"values":[-1,-0.0028,-0.0032,0,0.0033,-0.0456,-0.999,0,0.0027,-0.999,0.0456,0,-0.5472,0,-0.2,1]},
{"frame":42,"values":[-1,-0.0027,-0.0025,0,0.0025,-0.0127,-0.9999,0,0.0027,-0.9999,0.0127,0,-0.5472,0,-0.2,1]},
{"frame":43,"values":[-1,-0.0028,0.001,0,-0.0012,0.0478,-0.9989,0,0.0027,-0.9989,-0.0478,0,-0.5472,0,-0.2,1]},
{"frame":44,"values":[-1,-0.0028,0.001,0,-0.0012,0.0741,-0.9973,0,0.0027,-0.9972,-0.0741,0,-0.5472,0,-0.2,1]},
{"frame":45,"values":[-1,-0.0029,0.0009,0,-0.0012,0.1006,-0.9949,0,0.0028,-0.9949,-0.1006,0,-0.5472,0,-0.2,1]},
{"frame":46,"values":[-1,-0.0029,0.0008,0,-0.0012,0.1272,-0.9919,0,0.0028,-0.9919,-0.1273,0,-0.5472,0,-0.2,1]},
{"frame":47,"values":[-1,-0.0029,0.0007,0,-0.0012,0.1536,-0.9881,0,0.0028,-0.9881,-0.1536,0,-0.5472,0,-0.2,1]},
{"frame":48,"values":[-1,-0.003,0.0006,0,-0.0011,0.1793,-0.9838,0,0.0028,-0.9838,-0.1793,0,-0.5472,0,-0.2,1]},
{"frame":49,"values":[-1,-0.003,0.0005,0,-0.0011,0.2041,-0.979,0,0.0029,-0.979,-0.2041,0,-0.5472,0,-0.2,1]},
{"frame":50,"values":[-1,-0.0031,0.0004,0,-0.0011,0.2275,-0.9738,0,0.0029,-0.9738,-0.2275,0,-0.5472,0,-0.2,1]},
{"frame":51,"values":[-1,-0.0031,0.0003,0,-0.0011,0.2493,-0.9684,0,0.0029,-0.9684,-0.2493,0,-0.5472,0,-0.2,1]},
{"frame":52,"values":[-1,-0.0032,0.0003,0,-0.0011,0.2692,-0.9631,0,0.003,-0.9631,-0.2692,0,-0.5472,0,-0.2,1]},
{"frame":53,"values":[-1,-0.0032,0.0002,0,-0.0011,0.2869,-0.958,0,0.003,-0.9579,-0.2869,0,-0.5472,0,-0.2,1]},
{"frame":54,"values":[-1,-0.0033,0.0001,0,-0.0011,0.3024,-0.9532,0,0.0031,-0.9532,-0.3024,0,-0.5472,0,-0.2,1]},
{"frame":55,"values":[-1,-0.0033,0.0001,0,-0.0011,0.3157,-0.9489,0,0.0031,-0.9489,-0.3157,0,-0.5472,0,-0.2,1]},
{"frame":56,"values":[-1,-0.0033,0,0,-0.0011,0.3266,-0.9452,0,0.0031,-0.9452,-0.3266,0,-0.5472,0,-0.2,1]},
{"frame":57,"values":[-1,-0.0033,0,0,-0.0011,0.3353,-0.9421,0,0.0032,-0.9421,-0.3353,0,-0.5472,0,-0.2,1]},
{"frame":58,"values":[-1,-0.0034,-0.0001,0,-0.0011,0.3418,-0.9398,0,0.0032,-0.9397,-0.3418,0,-0.5472,0,-0.2,1]},
{"frame":59,"values":[-1,-0.0034,-0.0001,0,-0.0011,0.3464,-0.9381,0,0.0032,-0.9381,-0.3464,0,-0.5472,0,-0.2,1]},
{"frame":60,"values":[-1,-0.0034,-0.0001,0,-0.0011,0.349,-0.9371,0,0.0032,-0.9371,-0.349,0,-0.5472,0,-0.2,1]},
{"frame":61,"values":[-1,-0.0034,-0.0001,0,-0.0011,0.3498,-0.9368,0,0.0032,-0.9368,-0.3498,0,-0.5472,0,-0.2,1]},
{"frame":62,"values":[-1,-0.0034,-0.0001,0,-0.0011,0.3481,-0.9374,0,0.0032,-0.9374,-0.3481,0,-0.5472,0,-0.2,1]},
{"frame":63,"values":[-1,-0.0034,-0.0001,0,-0.0011,0.343,-0.9393,0,0.0032,-0.9393,-0.343,0,-0.5472,0,-0.2,1]},
{"frame":64,"values":[-1,-0.0033,0,0,-0.0011,0.3342,-0.9425,0,0.0032,-0.9425,-0.3342,0,-0.5472,0,-0.2,1]},
{"frame":65,"values":[-1,-0.0033,0,0,-0.0011,0.3219,-0.9468,0,0.0031,-0.9468,-0.3219,0,-0.5472,0,-0.2,1]},
{"frame":66,"values":[-1,-0.0033,0.0001,0,-0.0011,0.306,-0.952,0,0.0031,-0.952,-0.306,0,-0.5472,0,-0.2,1]},
{"frame":67,"values":[-1,-0.0032,0.0002,0,-0.0011,0.2867,-0.958,0,0.003,-0.958,-0.2867,0,-0.5472,0,-0.2,1]},
{"frame":68,"values":[-1,-0.0032,0.0003,0,-0.0011,0.2641,-0.9645,0,0.003,-0.9645,-0.2641,0,-0.5472,0,-0.2,1]},
{"frame":69,"values":[-1,-0.0031,0.0004,0,-0.0011,0.2387,-0.9711,0,0.0029,-0.9711,-0.2387,0,-0.5472,0,-0.2,1]},
{"frame":70,"values":[-1,-0.0031,0.0005,0,-0.0011,0.2112,-0.9774,0,0.0029,-0.9774,-0.2112,0,-0.5472,0,-0.2,1]},
{"frame":71,"values":[-1,-0.003,0.0006,0,-0.0011,0.1822,-0.9833,0,0.0028,-0.9832,-0.1823,0,-0.5472,0,-0.2,1]},
{"frame":72,"values":[-1,-0.0029,0.0007,0,-0.0012,0.1528,-0.9883,0,0.0028,-0.9883,-0.1528,0,-0.5472,0,-0.2,1]},
{"frame":73,"values":[-1,-0.0029,0.0008,0,-0.0012,0.1239,-0.9923,0,0.0028,-0.9923,-0.1239,0,-0.5472,0,-0.2,1]},
{"frame":74,"values":[-1,-0.0029,0.0009,0,-0.0012,0.0964,-0.9953,0,0.0028,-0.9953,-0.0964,0,-0.5472,0,-0.2,1]},
{"frame":75,"values":[-1,-0.0028,0.001,0,-0.0012,0.0712,-0.9975,0,0.0027,-0.9975,-0.0712,0,-0.5472,0,-0.2,1]},
{"frame":76,"values":[-1,-0.0028,0.001,0,-0.0012,0.0491,-0.9988,0,0.0027,-0.9988,-0.0491,0,-0.5472,0,-0.2,1]},
{"frame":77,"values":[-1,-0.0027,-0.0017,0,0.0017,0.0033,-1,0,0.0027,-1,-0.0033,0,-0.5472,0,-0.2,1]},
{"frame":78,"values":[-1,-0.0028,-0.0028,0,0.0029,-0.0225,-0.9997,0,0.0027,-0.9997,0.0225,0,-0.5472,0,-0.2,1]},
{"frame":79,"values":[-1,-0.0028,-0.0031,0,0.0032,-0.0365,-0.9993,0,0.0027,-0.9993,0.0365,0,-0.5472,0,-0.2,1]},
{"frame":80,"values":[-1,-0.0028,-0.0032,0,0.0033,-0.0435,-0.999,0,0.0027,-0.9991,0.0435,0,-0.5472,0,-0.2,1]},
{"frame":81,"values":[-1,-0.0028,-0.0032,0,0.0033,-0.0456,-0.999,0,0.0027,-0.999,0.0456,0,-0.5472,0,-0.2,1]}],"loopBehavior":1,"name":"anim","property":"_matrix"}},
{"name":"DownLeg.ik.nostr.R","index":24,"matrix":[0.9999,-0.0083,0.0092,0,0.0091,0.996,-0.0888,0,-0.0084,0.0889,0.996,0,0,0.8889,0,1],"rest":[0.9999,-0.0083,0.0092,0,0.0091,0.996,-0.0888,0,-0.0084,0.0889,0.996,0,0,0.8889,0,1],"parentBoneIndex":23,"length":0.9372
,"animation":{"dataType":3,"framePerSecond":24,"keys":[
{"frame":1,"values":[0.9999,-0.0083,0.0092,0,0.0091,0.996,-0.0888,0,-0.0084,0.0889,0.996,0,0,0.8889,0,1]},
{"frame":2,"values":[0.9999,-0.0126,0.0097,0,0.0138,0.9908,-0.1343,0,-0.0079,0.1345,0.9909,0,0,0.8889,0,1]},
{"frame":3,"values":[0.9997,-0.0205,0.0111,0,0.0225,0.9754,-0.2194,0,-0.0063,0.2195,0.9756,0,0,0.8889,0,1]},
{"frame":4,"values":[0.9995,-0.029,0.0135,0,0.0318,0.9502,-0.3102,0,-0.0038,0.3104,0.9506,0,0,0.8889,0,1]},
{"frame":5,"values":[0.9992,-0.0373,0.0166,0,0.0408,0.916,-0.399,0,-0.0003,0.3993,0.9168,0,0,0.8889,0,1]},
{"frame":6,"values":[0.9988,-0.0451,0.0205,0,0.0494,0.8745,-0.4825,0,0.0039,0.4829,0.8757,0,0,0.8889,0,1]},
{"frame":7,"values":[0.9983,-0.0522,0.0248,0,0.0571,0.8277,-0.5582,0,0.0086,0.5587,0.8293,0,0,0.8889,0,1]},
{"frame":8,"values":[0.9979,-0.0585,0.0294,0,0.064,0.7779,-0.6251,0,0.0137,0.6257,0.78,0,0,0.8889,0,1]},
{"frame":9,"values":[0.9974,-0.0638,0.0341,0,0.0699,0.7275,-0.6825,0,0.0188,0.6831,0.7301,0,0,0.8889,0,1]},
{"frame":10,"values":[0.9969,-0.0683,0.0385,0,0.0747,0.6793,-0.7301,0,0.0237,0.7307,0.6823,0,0,0.8889,0,1]},
{"frame":11,"values":[0.9965,-0.0718,0.0426,0,0.0786,0.6353,-0.7682,0,0.0281,0.7689,0.6388,0,0,0.8889,0,1]},
{"frame":12,"values":[0.9961,-0.0746,0.0461,0,0.0817,0.5976,-0.7977,0,0.032,0.7983,0.6013,0,0,0.8889,0,1]},
{"frame":13,"values":[0.9959,-0.0766,0.0489,0,0.0839,0.5669,-0.8195,0,0.0351,0.8202,0.5709,0,0,0.8889,0,1]},
{"frame":14,"values":[0.9956,-0.0781,0.0511,0,0.0855,0.5436,-0.835,0,0.0374,0.8357,0.5479,0,0,0.8889,0,1]},
{"frame":15,"values":[0.9955,-0.0791,0.0526,0,0.0865,0.5272,-0.8453,0,0.0391,0.8461,0.5316,0,0,0.8889,0,1]},
{"frame":16,"values":[0.9954,-0.0796,0.0535,0,0.0872,0.517,-0.8516,0,0.0401,0.8523,0.5215,0,0,0.8889,0,1]},
{"frame":17,"values":[0.9953,-0.0799,0.0541,0,0.0875,0.5115,-0.8548,0,0.0407,0.8555,0.5161,0,0,0.8889,0,1]},
{"frame":18,"values":[0.9953,-0.0801,0.0542,0,0.0876,0.5094,-0.856,0,0.0409,0.8568,0.5141,0,0,0.8889,0,1]},
{"frame":19,"values":[0.9953,-0.0801,0.0543,0,0.0876,0.5093,-0.8561,0,0.0409,0.8568,0.514,0,0,0.8889,0,1]},
{"frame":20,"values":[0.9953,-0.08,0.0542,0,0.0876,0.5101,-0.8556,0,0.0408,0.8564,0.5148,0,0,0.8889,0,1]},
{"frame":21,"values":[0.9953,-0.08,0.0541,0,0.0875,0.5109,-0.8551,0,0.0407,0.8559,0.5156,0,0,0.8889,0,1]},
{"frame":22,"values":[0.9953,-0.08,0.0541,0,0.0875,0.5113,-0.855,0,0.0407,0.8557,0.5159,0,0,0.8889,0,1]},
{"frame":23,"values":[0.9954,-0.0794,0.0532,0,0.087,0.5206,-0.8494,0,0.0398,0.8501,0.5251,0,0,0.8889,0,1]},
{"frame":24,"values":[0.9957,-0.0777,0.0506,0,0.0851,0.5493,-0.8313,0,0.0369,0.832,0.5535,0,0,0.8889,0,1]},
{"frame":25,"values":[0.9961,-0.0746,0.0461,0,0.0817,0.597,-0.7981,0,0.032,0.7987,0.6008,0,0,0.8889,0,1]},
{"frame":26,"values":[0.9968,-0.0698,0.0402,0,0.0764,0.6617,-0.7459,0,0.0255,0.7465,0.6649,0,0,0.8889,0,1]},
{"frame":27,"values":[0.9975,-0.0629,0.0332,0,0.0688,0.7373,-0.6721,0,0.0178,0.6726,0.7398,0,0,0.8889,0,1]},
{"frame":28,"values":[0.9982,-0.0539,0.026,0,0.059,0.8149,-0.5765,0,0.0099,0.577,0.8167,0,0,0.8889,0,1]},
{"frame":29,"values":[0.9989,-0.0433,0.0195,0,0.0474,0.8849,-0.4634,0,0.0028,0.4638,0.8859,0,0,0.8889,0,1]},
{"frame":30,"values":[0.9994,-0.032,0.0145,0,0.035,0.9392,-0.3417,0,-0.0027,0.342,0.9397,0,0,0.8889,0,1]},
{"frame":31,"values":[0.9997,-0.0215,0.0113,0,0.0235,0.9731,-0.2294,0,-0.0061,0.2296,0.9733,0,0,0.8889,0,1]},
{"frame":32,"values":[0.9999,-0.0108,0.0095,0,0.0118,0.9933,-0.1153,0,-0.0082,0.1154,0.9933,0,0,0.8889,0,1]},
{"frame":33,"values":[1,-0.0005,0.0088,0,0.0006,1,-0.0058,0,-0.0088,0.0058,0.9999,0,0,0.8889,0,1]},
{"frame":40,"values":[0.9999,-0.0069,0.0091,0,0.0076,0.9972,-0.0743,0,-0.0086,0.0743,0.9972,0,0,0.8889,0,1]},
{"frame":41,"values":[0.9999,-0.0083,0.0092,0,0.0091,0.996,-0.0888,0,-0.0084,0.0889,0.996,0,0,0.8889,0,1]},
{"frame":42,"values":[0.9999,-0.0069,0.0091,0,0.0075,0.9973,-0.0736,0,-0.0086,0.0736,0.9972,0,0,0.8889,0,1]},
{"frame":43,"values":[1,-0.0005,0.0088,0,0.0006,1,-0.0058,0,-0.0088,0.0058,0.9999,0,0,0.8889,0,1]},
{"frame":55,"values":[1,-0.0005,0.0088,0,0.0006,1,-0.0058,0,-0.0088,0.0059,0.9999,0,0,0.8889,0,1]},
{"frame":59,"values":[1,-0.0005,0.0088,0,0.0006,1,-0.0059,0,-0.0088,0.0059,0.9999,0,0,0.8889,0,1]},
{"frame":63,"values":[1,-0.0005,0.0088,0,0.0006,1,-0.0058,0,-0.0088,0.0059,0.9999,0,0,0.8889,0,1]},
{"frame":66,"values":[1,-0.0005,0.0088,0,0.0006,1,-0.0058,0,-0.0088,0.0058,0.9999,0,0,0.8889,0,1]},
{"frame":77,"values":[0.9999,-0.0055,0.009,0,0.006,0.9983,-0.0588,0,-0.0087,0.0589,0.9982,0,0,0.8889,0,1]},
{"frame":78,"values":[0.9999,-0.0075,0.0091,0,0.0082,0.9967,-0.0805,0,-0.0085,0.0806,0.9967,0,0,0.8889,0,1]},
{"frame":79,"values":[0.9999,-0.0082,0.0092,0,0.0089,0.9961,-0.0872,0,-0.0084,0.0873,0.9961,0,0,0.8889,0,1]},
{"frame":80,"values":[0.9999,-0.0083,0.0092,0,0.0091,0.996,-0.0887,0,-0.0084,0.0888,0.996,0,0,0.8889,0,1]},
{"frame":81,"values":[0.9999,-0.0083,0.0092,0,0.0091,0.996,-0.0888,0,-0.0084,0.0889,0.996,0,0,0.8889,0,1]}],"loopBehavior":1,"name":"anim","property":"_matrix"}},
{"name":"UpLeg.stretch.ik.R","index":25,"matrix":[-1,-0.0028,-0.0032,0,0.0033,-0.0456,-0.999,0,0.0027,-0.999,0.0456,0,-0.5472,0,-0.2,1],"rest":[-1,0.003,-0.0032,0,0.003,-0.0456,-0.999,0,-0.0032,-0.999,0.0456,0,-0.5472,0,-0.2,1],"parentBoneIndex":18,"length":0.8889
,"animation":{"dataType":3,"framePerSecond":24,"keys":[
{"frame":1,"values":[-1,-0.0028,-0.0032,0,0.0033,-0.0456,-0.999,0,0.0027,-0.999,0.0456,0,-0.5472,0,-0.2,1]},
{"frame":2,"values":[-1,-0.003,-0.0034,0,0.0036,-0.0714,-0.9974,0,0.0027,-0.9974,0.0714,0,-0.5472,0,-0.2,1]},
{"frame":3,"values":[-1,-0.0034,-0.0037,0,0.0041,-0.1225,-0.9924,0,0.0029,-0.9925,0.1225,0,-0.5472,0,-0.2,1]},
{"frame":4,"values":[-1,-0.0041,-0.004,0,0.0047,-0.1819,-0.9831,0,0.0033,-0.9833,0.182,0,-0.5472,0,-0.2,1]},
{"frame":5,"values":[-1,-0.0051,-0.0042,0,0.0053,-0.2459,-0.9689,0,0.0039,-0.9693,0.246,0,-0.5472,0,-0.2,1]},
{"frame":6,"values":[-1,-0.0064,-0.0043,0,0.0061,-0.3126,-0.9493,0,0.0047,-0.9498,0.3128,0,-0.5472,0,-0.2,1]},
{"frame":7,"values":[-1,-0.0078,-0.0043,0,0.0069,-0.3804,-0.9241,0,0.0056,-0.9247,0.3807,0,-0.5472,0,-0.2,1]},
{"frame":8,"values":[-0.9999,-0.0093,-0.004,0,0.0078,-0.4478,-0.8931,0,0.0065,-0.8939,0.4483,0,-0.5472,0,-0.2,1]},
{"frame":9,"values":[-0.9999,-0.0109,-0.0036,0,0.0087,-0.5134,-0.8568,0,0.0075,-0.8577,0.514,0,-0.5472,0,-0.2,1]},
{"frame":10,"values":[-0.9999,-0.0125,-0.003,0,0.0096,-0.5756,-0.8161,0,0.0085,-0.8171,0.5764,0,-0.5472,0,-0.2,1]},
{"frame":11,"values":[-0.9999,-0.0139,-0.0022,0,0.0105,-0.6329,-0.7722,0,0.0093,-0.7733,0.6339,0,-0.5472,0,-0.2,1]},
{"frame":12,"values":[-0.9999,-0.0151,-0.0013,0,0.0113,-0.6843,-0.7268,0,0.0101,-0.7279,0.6856,0,-0.5472,0,-0.2,1]},
{"frame":13,"values":[-0.9999,-0.0161,-0.0004,0,0.012,-0.7291,-0.6815,0,0.0107,-0.6827,0.7306,0,-0.5472,0,-0.2,1]},
{"frame":14,"values":[-0.9999,-0.0168,0.0006,0,0.0125,-0.7671,-0.6383,0,0.0112,-0.6394,0.7688,0,-0.5472,0,-0.2,1]},
{"frame":15,"values":[-0.9999,-0.0172,0.0015,0,0.0129,-0.7985,-0.5984,0,0.0115,-0.5995,0.8003,0,-0.5472,0,-0.2,1]},
{"frame":16,"values":[-0.9998,-0.0175,0.0023,0,0.0131,-0.8237,-0.5632,0,0.0118,-0.5643,0.8255,0,-0.5472,0,-0.2,1]},
{"frame":17,"values":[-0.9998,-0.0176,0.0029,0,0.0133,-0.8433,-0.5333,0,0.0119,-0.5344,0.8452,0,-0.5472,0,-0.2,1]},
{"frame":18,"values":[-0.9998,-0.0176,0.0035,0,0.0134,-0.858,-0.5092,0,0.012,-0.5101,0.86,0,-0.5472,0,-0.2,1]},
{"frame":19,"values":[-0.9998,-0.0176,0.0039,0,0.0134,-0.8687,-0.4907,0,0.012,-0.4916,0.8707,0,-0.5472,0,-0.2,1]},
{"frame":20,"values":[-0.9998,-0.0175,0.0041,0,0.0134,-0.8759,-0.4778,0,0.012,-0.4787,0.8779,0,-0.5472,0,-0.2,1]},
{"frame":21,"values":[-0.9998,-0.0175,0.0043,0,0.0134,-0.88,-0.4702,0,0.012,-0.4711,0.882,0,-0.5472,0,-0.2,1]},
{"frame":22,"values":[-0.9998,-0.0174,0.0043,0,0.0134,-0.8813,-0.4677,0,0.012,-0.4686,0.8833,0,-0.5472,0,-0.2,1]},
{"frame":23,"values":[-0.9998,-0.0172,0.0041,0,0.0131,-0.8766,-0.4767,0,0.0118,-0.4776,0.8785,0,-0.5472,0,-0.2,1]},
{"frame":24,"values":[-0.9999,-0.0165,0.0034,0,0.0125,-0.8612,-0.5042,0,0.0113,-0.5051,0.863,0,-0.5472,0,-0.2,1]},
{"frame":25,"values":[-0.9999,-0.0153,0.0023,0,0.0114,-0.8334,-0.5495,0,0.0103,-0.5503,0.8349,0,-0.5472,0,-0.2,1]},
{"frame":26,"values":[-0.9999,-0.0135,0.001,0,0.0101,-0.7909,-0.6095,0,0.0091,-0.6103,0.7921,0,-0.5472,0,-0.2,1]},
{"frame":27,"values":[-0.9999,-0.0115,-0.0003,0,0.0086,-0.7333,-0.6784,0,0.0076,-0.679,0.7341,0,-0.5472,0,-0.2,1]},
{"frame":28,"values":[-1,-0.0093,-0.0014,0,0.0072,-0.6619,-0.7486,0,0.0061,-0.7491,0.6624,0,-0.5472,0,-0.2,1]},
{"frame":29,"values":[-1,-0.0073,-0.0021,0,0.006,-0.5808,-0.8134,0,0.0047,-0.8138,0.5811,0,-0.5472,0,-0.2,1]},
{"frame":30,"values":[-1,-0.0056,-0.0025,0,0.0049,-0.496,-0.868,0,0.0037,-0.8682,0.4961,0,-0.5472,0,-0.2,1]},
{"frame":31,"values":[-1,-0.0045,-0.0025,0,0.0042,-0.4168,-0.9089,0,0.0031,-0.909,0.4169,0,-0.5472,0,-0.2,1]},
{"frame":32,"values":[-1,-0.0038,-0.0023,0,0.0035,-0.3359,-0.9419,0,0.0028,-0.9419,0.3359,0,-0.5472,0,-0.2,1]},
{"frame":33,"values":[-1,-0.0034,-0.002,0,0.0028,-0.2539,-0.9693,0,0.0028,-0.9674,0.2534,0,-0.5472,0,-0.2,1]},
{"frame":34,"values":[-1,-0.0033,-0.0021,0,0.0028,-0.2233,-0.979,0,0.0028,-0.975,0.2224,0,-0.5472,0,-0.2,1]},
{"frame":35,"values":[-1,-0.0032,-0.0022,0,0.0028,-0.1905,-0.9865,0,0.0028,-0.9819,0.1896,0,-0.5472,0,-0.2,1]},
{"frame":36,"values":[-1,-0.0031,-0.0024,0,0.0028,-0.1563,-0.992,0,0.0027,-0.9878,0.1557,0,-0.5472,0,-0.2,1]},
{"frame":37,"values":[-1,-0.003,-0.0025,0,0.0028,-0.1221,-0.9956,0,0.0027,-0.9926,0.1217,0,-0.5472,0,-0.2,1]},
{"frame":38,"values":[-1,-0.003,-0.0026,0,0.0028,-0.0889,-0.9976,0,0.0027,-0.9961,0.0887,0,-0.5472,0,-0.2,1]},
{"frame":39,"values":[-1,-0.0029,-0.0027,0,0.0028,-0.0576,-0.9986,0,0.0027,-0.9983,0.0576,0,-0.5472,0,-0.2,1]},
{"frame":40,"values":[-1,-0.0029,-0.003,0,0.0032,-0.0641,-0.9979,0,0.0027,-0.9979,0.0641,0,-0.5472,0,-0.2,1]},
{"frame":41,"values":[-1,-0.0028,-0.0032,0,0.0033,-0.0456,-0.999,0,0.0027,-0.999,0.0456,0,-0.5472,0,-0.2,1]},
{"frame":42,"values":[-1,-0.0027,-0.0032,0,0.0032,-0.0127,-0.9999,0,0.0027,-0.9999,0.0127,0,-0.5472,0,-0.2,1]},
{"frame":43,"values":[-1,-0.0026,-0.0029,0,0.0028,0.0479,-0.9992,0,0.0027,-0.9989,-0.0478,0,-0.5472,0,-0.2,1]},
{"frame":44,"values":[-1,-0.0025,-0.003,0,0.0028,0.0743,-0.9993,0,0.0027,-0.9972,-0.0741,0,-0.5472,0,-0.2,1]},
{"frame":45,"values":[-1,-0.0024,-0.0031,0,0.0028,0.1012,-0.9995,0,0.0027,-0.9949,-0.1007,0,-0.5472,0,-0.2,1]},
{"frame":46,"values":[-1,-0.0024,-0.0032,0,0.0028,0.1283,-0.9996,0,0.0028,-0.9919,-0.1273,0,-0.5472,0,-0.2,1]},
{"frame":47,"values":[-1,-0.0023,-0.0032,0,0.0029,0.1555,-0.9998,0,0.0028,-0.9881,-0.1536,0,-0.5472,0,-0.2,1]},
{"frame":48,"values":[-1,-0.0023,-0.0033,0,0.0029,0.1823,-1,0,0.0028,-0.9838,-0.1794,0,-0.5472,0,-0.2,1]},
{"frame":49,"values":[-1,-0.0022,-0.0034,0,0.0029,0.2086,-1.0002,0,0.0029,-0.9789,-0.2041,0,-0.5472,0,-0.2,1]},
{"frame":50,"values":[-1,-0.0022,-0.0034,0,0.0029,0.2338,-1.0004,0,0.0029,-0.9738,-0.2275,0,-0.5472,0,-0.2,1]},
{"frame":51,"values":[-1,-0.0021,-0.0035,0,0.003,0.2576,-1.0007,0,0.0029,-0.9684,-0.2493,0,-0.5472,0,-0.2,1]},
{"frame":52,"values":[-1,-0.0021,-0.0036,0,0.003,0.2798,-1.0009,0,0.003,-0.9631,-0.2692,0,-0.5472,0,-0.2,1]},
{"frame":53,"values":[-1,-0.0021,-0.0036,0,0.003,0.2999,-1.0011,0,0.003,-0.9579,-0.287,0,-0.5472,0,-0.2,1]},
{"frame":54,"values":[-1,-0.002,-0.0037,0,0.003,0.3178,-1.0013,0,0.0031,-0.9531,-0.3025,0,-0.5472,0,-0.2,1]},
