{"producer":{"name":"Blender","version":"2.79 (sub 0)","exporter_version":"5.6.4","file":"newPlayer.babylon"},
"autoClear":true,"clearColor":[0.1082,0.1082,0.1082],"ambientColor":[0,0,0],"gravity":[0,-9.81,0],
"materials":[{"name":"newPlayer.Material","id":"newPlayer.Material","ambient":[0.034,0.0302,0.7985],"diffuse":[0.034,0.0302,0.7985],"specular":[0.25,0.25,0.25],"emissive":[0,0,0],"specularPower":50,"alpha":1,"backFaceCulling":true,"checkReadyOnlyOnce":false,"maxSimultaneousLights":4},
{"name":"newPlayer.Material.001","id":"newPlayer.Material.001","ambient":[1,1,1],"diffuse":[1,1,1],"specular":[0.5,0.5,0.5],"emissive":[0,0,0],"specularPower":50,"alpha":1,"backFaceCulling":true,"checkReadyOnlyOnce":false,"maxSimultaneousLights":4}],
"multiMaterials":[{"name":"newPlayer.Multimaterial#0","id":"newPlayer.Multimaterial#0","materials":["newPlayer.Material","newPlayer.Material.001"]}],
"skeletons":[{"name":"Unrigify","id":0,"dimensionsAtRest":[133.9806,166.1422,118.8307],"bones":[
{"name":"root","index":0,"matrix":[0.01,0,0,0,0,0,0.01,0,0,0.01,0,0,0,0,0,1],"rest":[0.01,0,0,0,0,0,0.01,0,0,0.01,0,0,0,0,0,1],"parentBoneIndex":-1,"length":100
,"animation":{"dataType":3,"framePerSecond":24,"keys":[
{"frame":1,"values":[0.01,0,0,0,0,0,0.01,0,0,0.01,0,0,0,0,0,1]},
{"frame":33,"values":[0.01,0,0,0,0,0,0.01,0,0,0.01,0,0,0,0,0,1]},
{"frame":41,"values":[0.01,0,0,0,0,0,0.01,0,0,0.01,0,0,0,0,0,1]},
{"frame":65,"values":[0.01,0,0,0,0,0,0.01,0,0,0.01,0,0,0,0,0,1]},
{"frame":71,"values":[0.01,0,0,0,0,0,0.01,0,0,0.01,0,0,0,0,0,1]},
{"frame":75,"values":[0.01,0,0,0,0,0,0.01,0,0,0.01,0,0,0,0,0,1]}],"loopBehavior":1,"name":"anim","property":"_matrix"}},
{"name":"DEF-hips","index":1,"matrix":[1,0,0,0,0,-0.1556,0.9878,0,0,-0.9878,-0.1556,0,0,2.3431,86.397,1],"rest":[1,0,0,0,0,-0.1556,0.9878,0,0,-0.9878,-0.1556,0,0,2.3431,86.397,1],"parentBoneIndex":0,"length":14.3184
,"animation":{"dataType":3,"framePerSecond":24,"keys":[
{"frame":1,"values":[1,0,0,0,0,-0.1556,0.9878,0,0,-0.9878,-0.1556,0,0,2.3431,86.397,1]},
{"frame":33,"values":[1,0,0,0,0,-0.1556,0.9878,0,0,-0.9878,-0.1556,0,0,2.3431,86.397,1]},
{"frame":41,"values":[0.9984,0.0493,0.0283,0,-0.0121,-0.3019,0.9533,0,0.0556,-0.9521,-0.3008,0,-1.005,7.7085,81.9492,1]},
{"frame":42,"values":[0.9968,0.0763,0.0252,0,-0.0009,-0.3029,0.953,0,0.0804,-0.95,-0.3018,0,-0.9708,7.6838,81.1916,1]},
{"frame":43,"values":[0.9908,0.1343,0.0148,0,0.0269,-0.3038,0.9524,0,0.1324,-0.9432,-0.3046,0,-0.8612,7.6128,79.5723,1]},
{"frame":44,"values":[0.9868,0.162,0,0,0.0497,-0.3028,0.9518,0,0.1541,-0.9392,-0.3069,0,-0.7117,7.56,78.8199,1]},
{"frame":45,"values":[0.9887,0.1482,-0.023,0,0.0666,-0.2966,0.9527,0,0.1344,-0.9434,-0.3032,0,-0.517,7.8529,79.5933,1]},
{"frame":46,"values":[0.9927,0.1093,-0.0512,0,0.0807,-0.2849,0.9552,0,0.0898,-0.9523,-0.2916,0,-0.291,8.5005,81.3131,1]},
{"frame":47,"values":[0.9954,0.0712,-0.0639,0,0.0813,-0.278,0.9571,0,0.0504,-0.9579,-0.2825,0,-0.1433,8.7825,82.2954,1]},
{"frame":48,"values":[0.9977,0.0389,-0.0548,0,0.0634,-0.2763,0.959,0,0.0222,-0.9603,-0.2781,0,0.0495,8.3853,82.5048,1]},
{"frame":49,"values":[0.9994,0.0067,-0.0327,0,0.0333,-0.276,0.9606,0,-0.0026,-0.9611,-0.2761,0,0.3459,7.583,82.5788,1]},
{"frame":50,"values":[0.9996,-0.0176,-0.023,0,0.0172,-0.2761,0.961,0,-0.0232,-0.961,-0.2757,0,0.5133,7.2112,82.5844,1]},
{"frame":51,"values":[0.9993,-0.0297,-0.0245,0,0.0151,-0.2813,0.9595,0,-0.0354,-0.9591,-0.2807,0,0.6446,7.3172,82.5812,1]},
{"frame":52,"values":[0.9991,-0.0341,-0.0264,0,0.0152,-0.2935,0.9559,0,-0.0404,-0.9554,-0.2927,0,0.86,7.5569,82.4232,1]},
{"frame":53,"values":[0.9984,-0.0493,-0.0283,0,0.0121,-0.3019,0.9533,0,-0.0556,-0.9521,-0.3008,0,1.005,7.7085,81.9492,1]},
{"frame":54,"values":[0.9957,-0.0886,-0.0262,0,-0.002,-0.305,0.9524,0,-0.0924,-0.9482,-0.3038,0,1.0131,7.7136,80.8702,1]},
{"frame":55,"values":[0.99,-0.14,-0.0153,0,-0.0284,-0.3046,0.952,0,-0.138,-0.9421,-0.3056,0,0.8815,7.6251,79.4211,1]},
{"frame":56,"values":[0.9868,-0.162,0,0,-0.0497,-0.3028,0.9518,0,-0.1541,-0.9392,-0.3069,0,0.7117,7.56,78.8199,1]},
{"frame":57,"values":[0.9887,-0.1482,0.023,0,-0.0666,-0.2966,0.9527,0,-0.1344,-0.9434,-0.3032,0,0.517,7.8529,79.5933,1]},
{"frame":58,"values":[0.9927,-0.1093,0.0512,0,-0.0807,-0.2849,0.9552,0,-0.0898,-0.9523,-0.2916,0,0.291,8.5005,81.3131,1]},
{"frame":59,"values":[0.9954,-0.0712,0.0639,0,-0.0813,-0.278,0.9571,0,-0.0504,-0.9579,-0.2825,0,0.1433,8.7825,82.2954,1]},
{"frame":60,"values":[0.9977,-0.0389,0.0548,0,-0.0634,-0.2763,0.959,0,-0.0222,-0.9603,-0.2781,0,-0.0495,8.3853,82.5048,1]},
{"frame":61,"values":[0.9994,-0.0067,0.0327,0,-0.0333,-0.276,0.9606,0,0.0026,-0.9611,-0.2761,0,-0.3459,7.583,82.5788,1]},
{"frame":62,"values":[0.9996,0.0176,0.023,0,-0.0172,-0.2761,0.961,0,0.0232,-0.961,-0.2757,0,-0.5133,7.2112,82.5844,1]},
{"frame":63,"values":[0.9991,0.0355,0.0249,0,-0.0138,-0.2824,0.9592,0,0.0411,-0.9586,-0.2816,0,-0.6632,7.3324,82.4298,1]},
{"frame":64,"values":[0.9985,0.0465,0.0273,0,-0.0124,-0.2957,0.9552,0,0.0525,-0.9542,-0.2947,0,-0.9007,7.5889,82.1016,1]},
{"frame":65,"values":[0.9984,0.0493,0.0283,0,-0.0121,-0.3019,0.9533,0,0.0556,-0.9521,-0.3008,0,-1.005,7.7085,81.9492,1]},
{"frame":71,"values":[1,0,0,0,0,-0.1556,0.9878,0,0,-0.9878,-0.1556,0,0,2.3431,86.397,1]},
{"frame":75,"values":[1,0,0,0,0,-0.1556,0.9878,0,0,-0.9878,-0.1556,0,0,2.3431,86.397,1]}],"loopBehavior":1,"name":"anim","property":"_matrix"}},
{"name":"DEF-spine","index":2,"matrix":[1,0,0,0,0,0.9887,-0.1497,0,0,0.1497,0.9887,0,0,14.3184,0,1],"rest":[1,0,0,0,0,0.9887,-0.1497,0,0,0.1497,0.9887,0,0,14.3184,0,1],"parentBoneIndex":1,"length":13.9723
,"animation":{"dataType":3,"framePerSecond":24,"keys":[
{"frame":1,"values":[1,0,0,0,0,0.9887,-0.1497,0,0,0.1497,0.9887,0,0,14.3184,0,1]},
{"frame":2,"values":[1,0,0,0,0,0.9888,-0.1497,0,0,0.1499,0.9901,0,0,14.3184,0,1]},
{"frame":3,"values":[1.0001,0,0,0,0,0.9889,-0.1497,0,0,0.1505,0.9941,0,0,14.3184,0,1]},
{"frame":4,"values":[1.0003,0,0,0,0,0.989,-0.1498,0,0,0.1516,1.0009,0,0,14.3184,0,1]},
{"frame":5,"values":[1.0006,0,0,0,0,0.9893,-0.1498,0,0,0.153,1.0102,0,0,14.3184,0,1]},
{"frame":6,"values":[1.0009,0,0,0,0,0.9896,-0.1498,0,0,0.1547,1.0219,0,0,14.3184,0,1]},
{"frame":7,"values":[1.0012,0,0,0,0,0.9899,-0.1499,0,0,0.1568,1.0355,0,0,14.3184,0,1]},
{"frame":8,"values":[1.0016,0,0,0,0,0.9903,-0.15,0,0,0.1591,1.0506,0,0,14.3184,0,1]},
{"frame":9,"values":[1.002,0,0,0,0,0.9907,-0.15,0,0,0.1615,1.0663,0,0,14.3184,0,1]},
{"frame":10,"values":[1.0024,0,0,0,0,0.9911,-0.1501,0,0,0.1639,1.0821,0,0,14.3184,0,1]},
{"frame":11,"values":[1.0028,0,0,0,0,0.9915,-0.1501,0,0,0.1661,1.0972,0,0,14.3184,0,1]},
{"frame":12,"values":[1.0031,0,0,0,0,0.9918,-0.1502,0,0,0.1682,1.1108,0,0,14.3184,0,1]},
{"frame":13,"values":[1.0034,0,0,0,0,0.9921,-0.1502,0,0,0.17,1.1225,0,0,14.3184,0,1]},
{"frame":14,"values":[1.0037,0,0,0,0,0.9924,-0.1503,0,0,0.1714,1.1318,0,0,14.3184,0,1]},
{"frame":15,"values":[1.0039,0,0,0,0,0.9926,-0.1503,0,0,0.1724,1.1386,0,0,14.3184,0,1]},
{"frame":16,"values":[1.004,0,0,0,0,0.9927,-0.1503,0,0,0.173,1.1426,0,0,14.3184,0,1]},
{"frame":17,"values":[1.004,0,0,0,0,0.9927,-0.1503,0,0,0.1732,1.144,0,0,14.3184,0,1]},
{"frame":18,"values":[1.004,0,0,0,0,0.9927,-0.1503,0,0,0.173,1.1426,0,0,14.3184,0,1]},
{"frame":19,"values":[1.0039,0,0,0,0,0.9926,-0.1503,0,0,0.1724,1.1386,0,0,14.3184,0,1]},
{"frame":20,"values":[1.0037,0,0,0,0,0.9924,-0.1503,0,0,0.1714,1.1318,0,0,14.3184,0,1]},
{"frame":21,"values":[1.0034,0,0,0,0,0.9921,-0.1502,0,0,0.17,1.1225,0,0,14.3184,0,1]},
{"frame":22,"values":[1.0031,0,0,0,0,0.9918,-0.1502,0,0,0.1682,1.1108,0,0,14.3184,0,1]},
{"frame":23,"values":[1.0028,0,0,0,0,0.9915,-0.1501,0,0,0.1661,1.0972,0,0,14.3184,0,1]},
{"frame":24,"values":[1.0024,0,0,0,0,0.9911,-0.1501,0,0,0.1639,1.0821,0,0,14.3184,0,1]},
{"frame":25,"values":[1.002,0,0,0,0,0.9907,-0.15,0,0,0.1615,1.0663,0,0,14.3184,0,1]},
{"frame":26,"values":[1.0016,0,0,0,0,0.9903,-0.15,0,0,0.1591,1.0506,0,0,14.3184,0,1]},
{"frame":27,"values":[1.0012,0,0,0,0,0.9899,-0.1499,0,0,0.1568,1.0355,0,0,14.3184,0,1]},
{"frame":28,"values":[1.0009,0,0,0,0,0.9896,-0.1498,0,0,0.1547,1.0219,0,0,14.3184,0,1]},
{"frame":29,"values":[1.0006,0,0,0,0,0.9893,-0.1498,0,0,0.153,1.0102,0,0,14.3184,0,1]},
{"frame":30,"values":[1.0003,0,0,0,0,0.989,-0.1498,0,0,0.1516,1.0009,0,0,14.3184,0,1]},
{"frame":31,"values":[1.0001,0,0,0,0,0.9889,-0.1497,0,0,0.1505,0.9941,0,0,14.3184,0,1]},
{"frame":32,"values":[1,0,0,0,0,0.9888,-0.1497,0,0,0.1499,0.9901,0,0,14.3184,0,1]},
{"frame":33,"values":[1,0,0,0,0,0.9887,-0.1497,0,0,0.1497,0.9887,0,0,14.3184,0,1]},
{"frame":41,"values":[0.9962,-0.049,-0.0725,0,0.0334,0.9785,-0.2033,0,0.0809,0.2001,0.9764,0,0,14.3184,0,1]},
{"frame":42,"values":[0.9979,-0.0405,-0.0511,0,0.0292,0.9784,-0.2047,0,0.0583,0.2028,0.9775,0,0,14.3184,0,1]},
{"frame":43,"values":[0.9998,-0.02,-0.0057,0,0.0183,0.9779,-0.2082,0,0.0097,0.2081,0.9781,0,0,14.3184,0,1]},
{"frame":44,"values":[0.9999,-0.005,0.0146,0,0.008,0.9775,-0.2106,0,-0.0132,0.2107,0.9775,0,0,14.3184,0,1]},
{"frame":45,"values":[0.9996,0.0295,-0.0009,0,-0.0291,0.9769,-0.2117,0,-0.0053,0.2117,0.9773,0,0,14.3184,0,1]},
{"frame":46,"values":[0.9952,0.0917,-0.0345,0,-0.0969,0.9729,-0.2101,0,0.0143,0.2125,0.9771,0,0,14.3184,0,1]},
{"frame":47,"values":[0.9914,0.1187,-0.0558,0,-0.1278,0.9701,-0.2063,0,0.0296,0.2116,0.9769,0,0,14.3184,0,1]},
{"frame":48,"values":[0.9927,0.1035,-0.0617,0,-0.1136,0.9745,-0.1932,0,0.0401,0.1988,0.9792,0,0,14.3184,0,1]},
{"frame":49,"values":[0.9958,0.0687,-0.0612,0,-0.0782,0.9823,-0.1699,0,0.0485,0.174,0.9836,0,0,14.3184,0,1]},
{"frame":50,"values":[0.9975,0.0417,-0.0574,0,-0.0504,0.9858,-0.16,0,0.0499,0.1625,0.9854,0,0,14.3184,0,1]},
{"frame":51,"values":[0.9991,0.0347,-0.0237,0,-0.0382,0.9847,-0.17,0,0.0175,0.1708,0.9852,0,0,14.3184,0,1]},
{"frame":52,"values":[0.9982,0.0431,0.0423,0,-0.0342,0.9811,-0.1906,0,-0.0497,0.1888,0.9808,0,0,14.3184,0,1]},
{"frame":53,"values":[0.9962,0.049,0.0725,0,-0.0334,0.9785,-0.2033,0,-0.0809,0.2001,0.9764,0,0,14.3184,0,1]},
{"frame":54,"values":[0.9979,0.0405,0.0511,0,-0.0291,0.9778,-0.2075,0,-0.0584,0.2056,0.9769,0,0,14.3184,0,1]},
{"frame":55,"values":[0.9998,0.02,0.0057,0,-0.0183,0.9776,-0.2095,0,-0.0097,0.2094,0.9778,0,0,14.3184,0,1]},
{"frame":56,"values":[0.9999,0.005,-0.0146,0,-0.008,0.9775,-0.2106,0,0.0132,0.2107,0.9775,0,0,14.3184,0,1]},
{"frame":57,"values":[0.9996,-0.0295,0.0009,0,0.0291,0.9769,-0.2117,0,0.0053,0.2117,0.9773,0,0,14.3184,0,1]},
{"frame":58,"values":[0.9952,-0.0917,0.0345,0,0.0969,0.9729,-0.2101,0,-0.0143,0.2125,0.9771,0,0,14.3184,0,1]},
{"frame":59,"values":[0.9914,-0.1187,0.0558,0,0.1278,0.9701,-0.2063,0,-0.0296,0.2116,0.9769,0,0,14.3184,0,1]},
{"frame":60,"values":[0.9927,-0.1035,0.0617,0,0.1136,0.9745,-0.1932,0,-0.0401,0.1988,0.9792,0,0,14.3184,0,1]},
{"frame":61,"values":[0.9958,-0.0687,0.0612,0,0.0782,0.9823,-0.1699,0,-0.0485,0.174,0.9836,0,0,14.3184,0,1]},
{"frame":62,"values":[0.9975,-0.0417,0.0574,0,0.0504,0.9858,-0.16,0,-0.0499,0.1625,0.9855,0,0,14.3184,0,1]},
{"frame":63,"values":[0.9991,-0.0347,0.0238,0,0.0382,0.9845,-0.1713,0,-0.0175,0.1721,0.9849,0,0,14.3184,0,1]},
{"frame":64,"values":[0.9982,-0.0431,-0.0423,0,0.0341,0.9805,-0.1934,0,0.0498,0.1916,0.9802,0,0,14.3184,0,1]},
{"frame":65,"values":[0.9962,-0.049,-0.0725,0,0.0334,0.9785,-0.2033,0,0.0809,0.2001,0.9764,0,0,14.3184,0,1]},
{"frame":71,"values":[1,0,0,0,0,0.9887,-0.1497,0,0,0.1497,0.9887,0,0,14.3184,0,1]},
{"frame":75,"values":[1,0,0,0,0,0.9887,-0.1497,0,0,0.1497,0.9887,0,0,14.3184,0,1]}],"loopBehavior":1,"name":"anim","property":"_matrix"}},
{"name":"DEF-chest","index":3,"matrix":[1,0,0,0,0,0.9999,-0.0109,0,0,0.0109,0.9999,0,0,13.9723,0,1],"rest":[1,0,0,0,0,0.9999,-0.0109,0,0,0.0109,0.9999,0,0,13.9723,0,1],"parentBoneIndex":2,"length":20.5203
,"animation":{"dataType":3,"framePerSecond":24,"keys":[
{"frame":1,"values":[1,0,0,0,0,0.9999,-0.0109,0,0,0.0109,0.9999,0,0,13.9723,0,1]},
{"frame":2,"values":[1.0003,0,0,0,0,0.9999,-0.0109,0,0,0.0109,0.9991,0,0,13.9723,0,1]},
{"frame":3,"values":[1.0012,0,0,0,0,0.9999,-0.0108,0,0,0.0109,0.9967,0,0,13.9723,0,1]},
{"frame":4,"values":[1.0027,0,0,0,0,0.9999,-0.0107,0,0,0.0109,0.9927,0,0,13.9723,0,1]},
{"frame":5,"values":[1.0048,0,0,0,0,0.9998,-0.0106,0,0,0.011,0.9872,0,0,13.9723,0,1]},
{"frame":6,"values":[1.0074,0,0,0,0,0.9997,-0.0105,0,0,0.011,0.9805,0,0,13.9723,0,1]},
{"frame":7,"values":[1.0105,0,0,0,0,0.9997,-0.0104,0,0,0.0111,0.9729,0,0,13.9723,0,1]},
{"frame":8,"values":[1.0139,0,0,0,0,0.9996,-0.0102,0,0,0.0111,0.9647,0,0,13.9723,0,1]},
{"frame":9,"values":[1.0174,0,0,0,0,0.9995,-0.0101,0,0,0.0112,0.9564,0,0,13.9723,0,1]},
{"frame":10,"values":[1.0209,0,0,0,0,0.9994,-0.0099,0,0,0.0113,0.9483,0,0,13.9723,0,1]},
{"frame":11,"values":[1.0243,0,0,0,0,0.9993,-0.0098,0,0,0.0113,0.9407,0,0,13.9723,0,1]},
{"frame":12,"values":[1.0273,0,0,0,0,0.9992,-0.0097,0,0,0.0114,0.9341,0,0,13.9723,0,1]},
{"frame":13,"values":[1.0299,0,0,0,0,0.9991,-0.0096,0,0,0.0114,0.9286,0,0,13.9723,0,1]},
{"frame":14,"values":[1.032,0,0,0,0,0.9991,-0.0095,0,0,0.0115,0.9242,0,0,13.9723,0,1]},
{"frame":15,"values":[1.0335,0,0,0,0,0.999,-0.0095,0,0,0.0115,0.9211,0,0,13.9723,0,1]},
{"frame":16,"values":[1.0344,0,0,0,0,0.999,-0.0094,0,0,0.0115,0.9193,0,0,13.9723,0,1]},
{"frame":17,"values":[1.0347,0,0,0,0,0.999,-0.0094,0,0,0.0115,0.9187,0,0,13.9723,0,1]},
{"frame":18,"values":[1.0344,0,0,0,0,0.999,-0.0094,0,0,0.0115,0.9193,0,0,13.9723,0,1]},
{"frame":19,"values":[1.0335,0,0,0,0,0.999,-0.0095,0,0,0.0115,0.9211,0,0,13.9723,0,1]},
{"frame":20,"values":[1.032,0,0,0,0,0.9991,-0.0095,0,0,0.0115,0.9242,0,0,13.9723,0,1]},
{"frame":21,"values":[1.0299,0,0,0,0,0.9991,-0.0096,0,0,0.0114,0.9286,0,0,13.9723,0,1]},
{"frame":22,"values":[1.0273,0,0,0,0,0.9992,-0.0097,0,0,0.0114,0.9341,0,0,13.9723,0,1]},
{"frame":23,"values":[1.0243,0,0,0,0,0.9993,-0.0098,0,0,0.0113,0.9407,0,0,13.9723,0,1]},
{"frame":24,"values":[1.0209,0,0,0,0,0.9994,-0.0099,0,0,0.0113,0.9483,0,0,13.9723,0,1]},
{"frame":25,"values":[1.0174,0,0,0,0,0.9995,-0.0101,0,0,0.0112,0.9564,0,0,13.9723,0,1]},
{"frame":26,"values":[1.0139,0,0,0,0,0.9996,-0.0102,0,0,0.0111,0.9647,0,0,13.9723,0,1]},
{"frame":27,"values":[1.0105,0,0,0,0,0.9997,-0.0104,0,0,0.0111,0.9729,0,0,13.9723,0,1]},
{"frame":28,"values":[1.0074,0,0,0,0,0.9997,-0.0105,0,0,0.011,0.9805,0,0,13.9723,0,1]},
{"frame":29,"values":[1.0048,0,0,0,0,0.9998,-0.0106,0,0,0.011,0.9872,0,0,13.9723,0,1]},
{"frame":30,"values":[1.0027,0,0,0,0,0.9999,-0.0107,0,0,0.0109,0.9927,0,0,13.9723,0,1]},
{"frame":31,"values":[1.0012,0,0,0,0,0.9999,-0.0108,0,0,0.0109,0.9967,0,0,13.9723,0,1]},
{"frame":32,"values":[1.0003,0,0,0,0,0.9999,-0.0109,0,0,0.0109,0.9991,0,0,13.9723,0,1]},
{"frame":33,"values":[1,0,0,0,0,0.9999,-0.0109,0,0,0.0109,0.9999,0,0,13.9723,0,1]},
{"frame":41,"values":[0.9965,-0.0242,-0.0797,0,0.0252,0.9996,0.0117,0,0.0793,-0.0136,0.9968,0,0,13.9723,0,1]},
{"frame":42,"values":[0.9981,-0.0192,-0.0577,0,0.0199,0.9997,0.0112,0,0.0575,-0.0123,0.9983,0,0,13.9723,0,1]},
{"frame":43,"values":[0.9999,-0.0066,-0.0106,0,0.0067,0.9999,0.01,0,0.0106,-0.0101,0.9999,0,0,13.9723,0,1]},
{"frame":44,"values":[0.9999,0.0047,0.0115,0,-0.0048,0.9999,0.0098,0,-0.0114,-0.0099,0.9999,0,0,13.9723,0,1]},
{"frame":45,"values":[0.9999,-0.0139,0.008,0,0.0138,0.9998,0.0109,0,-0.0082,-0.0108,0.9999,0,0,13.9723,0,1]},
{"frame":46,"values":[0.9979,-0.065,-0.002,0,0.065,0.9978,0.0129,0,0.0012,-0.013,0.9999,0,0,13.9723,0,1]},
{"frame":47,"values":[0.9959,-0.0895,-0.0128,0,0.0897,0.9959,0.0151,0,0.0114,-0.0162,0.9998,0,0,13.9723,0,1]},
{"frame":48,"values":[0.9965,-0.0802,-0.0234,0,0.0804,0.9967,0.0115,0,0.0225,-0.0133,0.9997,0,0,13.9723,0,1]},
{"frame":49,"values":[0.9978,-0.0564,-0.0337,0,0.0565,0.9984,0.0008,0,0.0336,-0.0027,0.9994,0,0,13.9723,0,1]},
{"frame":50,"values":[0.9987,-0.0342,-0.0387,0,0.0341,0.9994,-0.0045,0,0.0388,0.0032,0.9992,0,0,13.9723,0,1]},
{"frame":51,"values":[0.9999,-0.0107,-0.0112,0,0.0107,0.9999,-0.0003,0,0.0112,0.0002,0.9999,0,0,13.9723,0,1]},
{"frame":52,"values":[0.9986,0.0148,0.0506,0,-0.0153,0.9999,0.0082,0,-0.0504,-0.0089,0.9987,0,0,13.9723,0,1]},
{"frame":53,"values":[0.9965,0.0242,0.0797,0,-0.0252,0.9996,0.0117,0,-0.0793,-0.0136,0.9968,0,0,13.9723,0,1]},
{"frame":54,"values":[0.9981,0.0192,0.0577,0,-0.0199,0.9997,0.011,0,-0.0575,-0.0121,0.9983,0,0,13.9723,0,1]},
{"frame":55,"values":[0.9999,0.0066,0.0106,0,-0.0067,0.9999,0.0099,0,-0.0106,-0.01,0.9999,0,0,13.9723,0,1]},
{"frame":56,"values":[0.9999,-0.0047,-0.0115,0,0.0048,0.9999,0.0098,0,0.0114,-0.0099,0.9999,0,0,13.9723,0,1]},
{"frame":57,"values":[0.9999,0.0139,-0.008,0,-0.0138,0.9998,0.0109,0,0.0082,-0.0108,0.9999,0,0,13.9723,0,1]},
{"frame":58,"values":[0.9979,0.065,0.002,0,-0.065,0.9978,0.0129,0,-0.0012,-0.013,0.9999,0,0,13.9723,0,1]},
{"frame":59,"values":[0.9959,0.0895,0.0128,0,-0.0897,0.9959,0.0151,0,-0.0114,-0.0162,0.9998,0,0,13.9723,0,1]},
{"frame":60,"values":[0.9965,0.0802,0.0234,0,-0.0804,0.9967,0.0115,0,-0.0225,-0.0133,0.9997,0,0,13.9723,0,1]},
{"frame":61,"values":[0.9978,0.0564,0.0337,0,-0.0565,0.9984,0.0008,0,-0.0336,-0.0027,0.9994,0,0,13.9723,0,1]},
{"frame":62,"values":[0.9987,0.0342,0.0387,0,-0.0341,0.9994,-0.0045,0,-0.0388,0.0032,0.9992,0,0,13.9723,0,1]},
{"frame":63,"values":[0.9999,0.0107,0.0112,0,-0.0107,0.9999,-0.0004,0,-0.0112,0.0003,0.9999,0,0,13.9723,0,1]},
{"frame":64,"values":[0.9986,-0.0148,-0.0506,0,0.0152,0.9999,0.008,0,0.0504,-0.0087,0.9987,0,0,13.9723,0,1]},
{"frame":65,"values":[0.9965,-0.0242,-0.0797,0,0.0252,0.9996,0.0117,0,0.0793,-0.0136,0.9968,0,0,13.9723,0,1]},
{"frame":71,"values":[1,0,0,0,0,0.9999,-0.0109,0,0,0.0109,0.9999,0,0,13.9723,0,1]},
{"frame":75,"values":[1,0,0,0,0,0.9999,-0.0109,0,0,0.0109,0.9999,0,0,13.9723,0,1]}],"loopBehavior":1,"name":"anim","property":"_matrix"}},
{"name":"DEF-shoulder.L","index":4,"matrix":[0.255,-0.0414,0.9661,0,0.9514,0.189,-0.2431,0,-0.1725,0.9811,0.0876,0,1.5061,16.8301,2.01,1],"rest":[0.255,-0.0414,0.9661,0,0.9514,0.189,-0.2431,0,-0.1725,0.9811,0.0876,0,1.5061,16.8302,2.01,1],"parentBoneIndex":3,"length":14.6766
,"animation":{"dataType":3,"framePerSecond":24,"keys":[
{"frame":1,"values":[0.255,-0.0414,0.9661,0,0.9514,0.189,-0.2431,0,-0.1725,0.9811,0.0876,0,1.5061,16.8301,2.01,1]},
{"frame":2,"values":[0.2549,-0.0414,0.9655,0,0.9511,0.189,-0.2429,0,-0.1724,0.9811,0.0875,0,1.5061,16.8302,2.01,1]},
{"frame":3,"values":[0.2547,-0.0414,0.9639,0,0.9501,0.1889,-0.2425,0,-0.1723,0.981,0.0874,0,1.5061,16.8302,2.01,1]},
{"frame":4,"values":[0.2542,-0.0414,0.9613,0,0.9485,0.1889,-0.2419,0,-0.172,0.9809,0.0871,0,1.5061,16.8302,2.01,1]},
{"frame":5,"values":[0.2537,-0.0414,0.9577,0,0.9463,0.1889,-0.241,0,-0.1716,0.9807,0.0868,0,1.5061,16.8301,2.01,1]},
{"frame":6,"values":[0.2529,-0.0414,0.9532,0,0.9436,0.1888,-0.2398,0,-0.1711,0.9805,0.0864,0,1.5061,16.8301,2.01,1]},
{"frame":7,"values":[0.2521,-0.0413,0.9481,0,0.9404,0.1888,-0.2385,0,-0.1705,0.9802,0.0859,0,1.5061,16.8302,2.01,1]},
{"frame":8,"values":[0.2511,-0.0413,0.9424,0,0.9369,0.1887,-0.2371,0,-0.1699,0.9799,0.0854,0,1.5061,16.8301,2.01,1]},
{"frame":9,"values":[0.2502,-0.0413,0.9366,0,0.9333,0.1887,-0.2356,0,-0.1692,0.9796,0.0849,0,1.5061,16.8301,2.01,1]},
{"frame":10,"values":[0.2492,-0.0413,0.9308,0,0.9297,0.1886,-0.2342,0,-0.1686,0.9793,0.0844,0,1.5061,16.8302,2.01,1]},
{"frame":11,"values":[0.2483,-0.0413,0.9253,0,0.9263,0.1886,-0.2328,0,-0.1679,0.979,0.0839,0,1.5061,16.8302,2.01,1]},
{"frame":12,"values":[0.2475,-0.0413,0.9205,0,0.9232,0.1885,-0.2316,0,-0.1674,0.9788,0.0834,0,1.5061,16.8302,2.01,1]},
{"frame":13,"values":[0.2468,-0.0413,0.9163,0,0.9206,0.1885,-0.2305,0,-0.1669,0.9785,0.0831,0,1.5061,16.8301,2.01,1]},
{"frame":14,"values":[0.2462,-0.0413,0.9131,0,0.9185,0.1884,-0.2297,0,-0.1665,0.9784,0.0828,0,1.5061,16.8302,2.01,1]},
{"frame":15,"values":[0.2458,-0.0413,0.9107,0,0.917,0.1884,-0.2291,0,-0.1663,0.9782,0.0825,0,1.5061,16.8302,2.01,1]},
{"frame":16,"values":[0.2456,-0.0413,0.9093,0,0.9161,0.1884,-0.2288,0,-0.1661,0.9781,0.0824,0,1.5061,16.8302,2.01,1]},
{"frame":17,"values":[0.2455,-0.0413,0.9088,0,0.9158,0.1884,-0.2287,0,-0.166,0.9781,0.0824,0,1.5061,16.8302,2.01,1]},
{"frame":18,"values":[0.2456,-0.0413,0.9093,0,0.9161,0.1884,-0.2288,0,-0.1661,0.9781,0.0824,0,1.5061,16.8302,2.01,1]},
{"frame":19,"values":[0.2458,-0.0413,0.9107,0,0.917,0.1884,-0.2291,0,-0.1663,0.9782,0.0825,0,1.5061,16.8302,2.01,1]},
{"frame":20,"values":[0.2462,-0.0413,0.9131,0,0.9185,0.1884,-0.2297,0,-0.1665,0.9784,0.0828,0,1.5061,16.8302,2.01,1]},
{"frame":21,"values":[0.2468,-0.0413,0.9163,0,0.9206,0.1885,-0.2305,0,-0.1669,0.9785,0.0831,0,1.5061,16.8301,2.01,1]},
{"frame":22,"values":[0.2475,-0.0413,0.9205,0,0.9232,0.1885,-0.2316,0,-0.1674,0.9788,0.0834,0,1.5061,16.8301,2.01,1]},
{"frame":23,"values":[0.2483,-0.0413,0.9253,0,0.9263,0.1886,-0.2328,0,-0.1679,0.979,0.0839,0,1.5061,16.8302,2.01,1]},
{"frame":24,"values":[0.2492,-0.0413,0.9308,0,0.9297,0.1886,-0.2342,0,-0.1686,0.9793,0.0844,0,1.5061,16.8302,2.01,1]},
{"frame":25,"values":[0.2502,-0.0413,0.9366,0,0.9333,0.1887,-0.2356,0,-0.1692,0.9796,0.0849,0,1.5061,16.8302,2.01,1]},
{"frame":26,"values":[0.2511,-0.0413,0.9424,0,0.9369,0.1887,-0.2371,0,-0.1699,0.9799,0.0854,0,1.5061,16.8301,2.01,1]},
{"frame":27,"values":[0.2521,-0.0413,0.9481,0,0.9404,0.1888,-0.2385,0,-0.1705,0.9802,0.0859,0,1.5061,16.8302,2.01,1]},
{"frame":28,"values":[0.2529,-0.0414,0.9532,0,0.9436,0.1888,-0.2398,0,-0.1711,0.9805,0.0864,0,1.5061,16.8301,2.01,1]},
{"frame":29,"values":[0.2537,-0.0414,0.9577,0,0.9463,0.1889,-0.241,0,-0.1716,0.9807,0.0868,0,1.5061,16.8301,2.01,1]},
{"frame":30,"values":[0.2542,-0.0414,0.9613,0,0.9485,0.1889,-0.2419,0,-0.172,0.9809,0.0871,0,1.5061,16.8302,2.01,1]},
{"frame":31,"values":[0.2547,-0.0414,0.9639,0,0.9501,0.1889,-0.2425,0,-0.1723,0.981,0.0874,0,1.5061,16.8301,2.01,1]},
{"frame":32,"values":[0.2549,-0.0414,0.9655,0,0.9511,0.189,-0.2429,0,-0.1724,0.9811,0.0875,0,1.5061,16.8301,2.01,1]},
{"frame":33,"values":[0.255,-0.0414,0.9661,0,0.9514,0.189,-0.2431,0,-0.1725,0.9811,0.0876,0,1.5061,16.8301,2.01,1]},
{"frame":41,"values":[0.2217,-0.0479,0.9739,0,0.9748,0.0376,-0.2201,0,-0.0261,0.9981,0.0551,0,1.5061,16.8302,2.0101,1]},
{"frame":42,"values":[0.2269,-0.0469,0.9728,0,0.9732,0.0492,-0.2246,0,-0.0373,0.9977,0.0568,0,1.5061,16.8302,2.0101,1]},
{"frame":43,"values":[0.238,-0.0448,0.9702,0,0.9693,0.074,-0.2343,0,-0.0613,0.9963,0.061,0,1.5061,16.8302,2.0101,1]},
{"frame":44,"values":[0.2431,-0.0437,0.969,0,0.9673,0.0855,-0.2388,0,-0.0724,0.9954,0.0631,0,1.5061,16.8302,2.0101,1]},
{"frame":45,"values":[0.2332,-0.0457,0.9713,0,0.9717,0.0485,-0.231,0,-0.0365,0.9978,0.0557,0,1.5061,16.8302,2.01,1]},
{"frame":46,"values":[0.212,-0.0498,0.976,0,0.9764,-0.0311,-0.2137,0,0.041,0.9983,0.0421,0,1.5061,16.8302,2.0101,1]},
{"frame":47,"values":[0.202,-0.0518,0.978,0,0.9763,-0.0682,-0.2053,0,0.0774,0.9963,0.0368,0,1.5061,16.8302,2.0101,1]},
{"frame":48,"values":[0.2022,-0.0517,0.978,0,0.9763,-0.068,-0.2054,0,0.0771,0.9963,0.0368,0,1.5061,16.8302,2.0101,1]},
{"frame":49,"values":[0.2033,-0.0515,0.9778,0,0.9762,-0.0659,-0.2065,0,0.075,0.9965,0.0369,0,1.5061,16.8302,2.0101,1]},
{"frame":50,"values":[0.2061,-0.051,0.9772,0,0.976,-0.0607,-0.2091,0,0.0699,0.9969,0.0372,0,1.5061,16.8302,2.0101,1]},
{"frame":51,"values":[0.2597,-0.0405,0.9648,0,0.9644,-0.0404,-0.2613,0,0.0496,0.9984,0.0285,0,1.5061,16.8302,2.0101,1]},
{"frame":52,"values":[0.3666,-0.0186,0.9302,0,0.9303,-0.0078,-0.3668,0,0.0141,0.9998,0.0144,0,1.5061,16.8302,2.0101,1]},
{"frame":53,"values":[0.4147,-0.0083,0.9099,0,0.91,0.0059,-0.4146,0,-0.0019,0.9999,0.01,0,1.5061,16.8302,2.0101,1]},
{"frame":54,"values":[0.3681,-0.0183,0.9296,0,0.9298,0.0004,-0.3681,0,0.0063,0.9998,0.0171,0,1.5061,16.8302,2.0101,1]},
{"frame":55,"values":[0.2631,-0.0398,0.9639,0,0.9644,-0.0169,-0.2639,0,0.0268,0.9991,0.0339,0,1.5061,16.8302,2.0101,1]},
{"frame":56,"values":[0.2071,-0.0508,0.977,0,0.9772,-0.0366,-0.209,0,0.0463,0.998,0.0421,0,1.5061,16.8302,2.0101,1]},
{"frame":57,"values":[0.2,-0.0522,0.9784,0,0.9774,-0.06,-0.2029,0,0.0692,0.9968,0.039,0,1.5061,16.8302,2.0101,1]},
{"frame":58,"values":[0.197,-0.0527,0.979,0,0.9757,-0.087,-0.2011,0,0.0958,0.9948,0.0343,0,1.5061,16.8302,2.0101,1]},
{"frame":59,"values":[0.1967,-0.0528,0.979,0,0.9747,-0.0977,-0.2011,0,0.1063,0.9938,0.0322,0,1.5061,16.8302,2.0101,1]},
{"frame":60,"values":[0.263,-0.0398,0.964,0,0.96,-0.0885,-0.2656,0,0.0959,0.9953,0.0149,0,1.5061,16.8302,2.0101,1]},
{"frame":61,"values":[0.4003,-0.0114,0.9163,0,0.9141,-0.0662,-0.4002,0,0.0652,0.9977,-0.0161,0,1.5061,16.8302,2.0101,1]},
{"frame":62,"values":[0.4616,0.002,0.8871,0,0.8863,-0.0426,-0.4612,0,0.0369,0.9991,-0.0214,0,1.5061,16.8302,2.0101,1]},
{"frame":63,"values":[0.406,-0.0102,0.9138,0,0.9138,-0.0104,-0.4061,0,0.0137,0.9999,0.0051,0,1.5061,16.8302,2.0101,1]},
{"frame":64,"values":[0.2817,-0.0361,0.9588,0,0.9594,0.0249,-0.2809,0,-0.0137,0.999,0.0416,0,1.5061,16.8302,2.0101,1]},
{"frame":65,"values":[0.2217,-0.0479,0.9739,0,0.9748,0.0376,-0.2201,0,-0.0261,0.9981,0.0551,0,1.5061,16.8302,2.0101,1]},
{"frame":71,"values":[0.255,-0.0414,0.9661,0,0.9514,0.189,-0.2431,0,-0.1725,0.9811,0.0876,0,1.5061,16.8301,2.01,1]},
{"frame":75,"values":[0.255,-0.0414,0.9661,0,0.9514,0.189,-0.2431,0,-0.1725,0.9811,0.0876,0,1.5061,16.8301,2.01,1]}],"loopBehavior":1,"name":"anim","property":"_matrix"}},
{"name":"DEF-upper_arm.01.L","index":5,"matrix":[-0.0683,-0.1636,-0.9842,0,0.1671,0.9706,-0.1729,0,0.9836,-0.1763,-0.039,0,1.6736,11.9073,-2.5563,1],"rest":[-0.0683,-0.1636,-0.9842,0,0.1671,0.9706,-0.1729,0,0.9836,-0.1763,-0.039,0,1.6736,11.9073,-2.5562,1],"parentBoneIndex":4,"length":11.5032
,"animation":{"dataType":3,"framePerSecond":24,"keys":[
{"frame":1,"values":[-0.3408,-0.9366,-0.081,0,0.0131,0.0814,-0.9966,0,0.94,-0.3407,-0.0155,0,1.6736,11.9073,-2.5562,1]},
{"frame":7,"values":[-0.3408,-0.9366,-0.081,0,0.0131,0.0814,-0.9966,0,0.94,-0.3407,-0.0155,0,1.6736,11.9073,-2.5563,1]},
{"frame":8,"values":[-0.3408,-0.9366,-0.081,0,0.0131,0.0814,-0.9966,0,0.94,-0.3407,-0.0155,0,1.6736,11.9073,-2.5562,1]},
{"frame":16,"values":[-0.3408,-0.9366,-0.081,0,0.0131,0.0814,-0.9966,0,0.94,-0.3407,-0.0155,0,1.6736,11.9073,-2.5563,1]},
{"frame":17,"values":[-0.3408,-0.9366,-0.081,0,0.0131,0.0814,-0.9966,0,0.94,-0.3407,-0.0155,0,1.6736,11.9073,-2.5562,1]},
{"frame":18,"values":[-0.3408,-0.9366,-0.081,0,0.0131,0.0814,-0.9966,0,0.94,-0.3407,-0.0155,0,1.6736,11.9073,-2.5563,1]},
{"frame":19,"values":[-0.3408,-0.9366,-0.081,0,0.0131,0.0814,-0.9966,0,0.94,-0.3407,-0.0155,0,1.6736,11.9073,-2.5562,1]},
{"frame":27,"values":[-0.3408,-0.9366,-0.081,0,0.0131,0.0814,-0.9966,0,0.94,-0.3407,-0.0155,0,1.6736,11.9073,-2.5563,1]},
{"frame":28,"values":[-0.3408,-0.9366,-0.081,0,0.0131,0.0814,-0.9966,0,0.94,-0.3407,-0.0155,0,1.6736,11.9073,-2.5562,1]},
{"frame":33,"values":[-0.3408,-0.9366,-0.081,0,0.0131,0.0814,-0.9966,0,0.94,-0.3407,-0.0155,0,1.6736,11.9073,-2.5562,1]},
{"frame":41,"values":[0.0037,-0.8477,-0.5304,0,-0.322,0.5012,-0.8032,0,0.9467,0.1738,-0.2711,0,1.6736,11.9073,-2.5562,1]},
{"frame":42,"values":[0.0155,-0.8786,-0.4772,0,-0.333,0.4455,-0.831,0,0.9428,0.1718,-0.2857,0,1.6736,11.9073,-2.5562,1]},
{"frame":43,"values":[0.0411,-0.9341,-0.3545,0,-0.3502,0.3188,-0.8807,0,0.9358,0.1604,-0.3141,0,1.6736,11.9073,-2.5562,1]},
{"frame":44,"values":[0.0436,-0.9581,-0.2832,0,-0.3394,0.2524,-0.9062,0,0.9396,0.1356,-0.3142,0,1.6736,11.9073,-2.5562,1]},
{"frame":45,"values":[-0.0214,-0.9642,-0.2643,0,-0.2393,0.2616,-0.935,0,0.9707,0.0432,-0.2363,0,1.6736,11.9073,-2.5562,1]},
{"frame":46,"values":[-0.1351,-0.9449,-0.2982,0,-0.0578,0.308,-0.9496,0,0.9891,-0.111,-0.0963,0,1.6736,11.9073,-2.5562,1]},
{"frame":47,"values":[-0.1884,-0.9239,-0.3331,0,0.0387,0.332,-0.9425,0,0.9813,-0.1905,-0.0268,0,1.6736,11.9073,-2.5562,1]},
{"frame":48,"values":[-0.2034,-0.9223,-0.3285,0,0.0631,0.3225,-0.9445,0,0.9771,-0.2128,-0.0074,0,1.6736,11.9073,-2.5562,1]},
{"frame":49,"values":[-0.2167,-0.9237,-0.3159,0,0.0819,0.3053,-0.9487,0,0.9728,-0.2314,0.0095,0,1.6736,11.9073,-2.5562,1]},
{"frame":50,"values":[-0.2336,-0.9282,-0.2897,0,0.1017,0.273,-0.9566,0,0.967,-0.2529,0.0306,0,1.6736,11.9073,-2.5562,1]},
{"frame":51,"values":[-0.2837,-0.9286,-0.2391,0,0.1622,0.1993,-0.9664,0,0.9451,-0.3129,0.0941,0,1.6736,11.9073,-2.5562,1]},
{"frame":52,"values":[-0.3711,-0.9073,-0.1978,0,0.2685,0.0991,-0.9582,0,0.8889,-0.4087,0.2068,0,1.6736,11.9073,-2.5562,1]},
{"frame":53,"values":[-0.4144,-0.8882,-0.1983,0,0.3248,0.0592,-0.9439,0,0.8502,-0.4556,0.264,0,1.6736,11.9073,-2.5562,1]},
{"frame":54,"values":[-0.4169,-0.8825,-0.2177,0,0.3383,0.0717,-0.9383,0,0.8437,-0.4648,0.2686,0,1.6736,11.9073,-2.5562,1]},
{"frame":55,"values":[-0.4103,-0.8759,-0.2537,0,0.3497,0.1058,-0.9309,0,0.8422,-0.4707,0.2629,0,1.6736,11.9073,-2.5562,1]},
{"frame":56,"values":[-0.4007,-0.8712,-0.2837,0,0.3539,0.1384,-0.925,0,0.8451,-0.471,0.2528,0,1.6736,11.9073,-2.5562,1]},
{"frame":57,"values":[-0.3614,-0.8859,-0.2907,0,0.3014,0.1841,-0.9356,0,0.8823,-0.4257,0.2005,0,1.6736,11.9073,-2.5562,1]},
{"frame":58,"values":[-0.271,-0.9184,-0.2884,0,0.1612,0.2521,-0.9542,0,0.949,-0.305,0.0797,0,1.6736,11.9073,-2.5562,1]},
{"frame":59,"values":[-0.1887,-0.9359,-0.2975,0,0.0306,0.2972,-0.9543,0,0.9815,-0.1892,-0.0275,0,1.6736,11.9073,-2.5563,1]},
{"frame":60,"values":[-0.1276,-0.9501,-0.2847,0,-0.0717,0.2951,-0.9528,0,0.9892,-0.1012,-0.1058,0,1.6736,11.9073,-2.5562,1]},
{"frame":61,"values":[-0.0653,-0.9656,-0.2518,0,-0.1718,0.2594,-0.9504,0,0.983,-0.0188,-0.1828,0,1.6736,11.9073,-2.5562,1]},
{"frame":62,"values":[-0.0138,-0.9656,-0.2595,0,-0.2504,0.2546,-0.9341,0,0.9681,0.0521,-0.2453,0,1.6736,11.9073,-2.5562,1]},
{"frame":63,"values":[0.0141,-0.9372,-0.3484,0,-0.3055,0.3278,-0.894,0,0.9521,0.119,-0.2817,0,1.6736,11.9073,-2.5562,1]},
{"frame":64,"values":[0.0108,-0.8783,-0.4779,0,-0.3242,0.4491,-0.8326,0,0.9459,0.1639,-0.2799,0,1.6736,11.9073,-2.5562,1]},
{"frame":65,"values":[0.0037,-0.8477,-0.5304,0,-0.322,0.5012,-0.8032,0,0.9467,0.1738,-0.2711,0,1.6736,11.9073,-2.5562,1]},
{"frame":71,"values":[-0.0683,-0.1636,-0.9842,0,0.1671,0.9706,-0.1729,0,0.9836,-0.1763,-0.039,0,1.6736,11.9073,-2.5563,1]},
{"frame":75,"values":[-0.0683,-0.1636,-0.9842,0,0.1671,0.9706,-0.1729,0,0.9836,-0.1763,-0.039,0,1.6736,11.9073,-2.5563,1]}],"loopBehavior":1,"name":"anim","property":"_matrix"}},
{"name":"DEF-upper_arm.02.L","index":6,"matrix":[1,0,0,0,0,1,0,0,0,0,1,0,0,11.5032,0,1],"rest":[1,0,0,0,0,1,0,0,0,0,1,0,0,11.5032,0,1],"parentBoneIndex":5,"length":11.5032
,"animation":{"dataType":3,"framePerSecond":24,"keys":[
{"frame":1,"values":[1,0,0,0,0,1,0,0,0,0,1,0,0,11.5032,0,1]},
{"frame":2,"values":[1,0,0,0,0,1,0,0,0,0,1,0,0,11.5033,0,1]},
{"frame":3,"values":[1,0,0,0,0,1,0,0,0,0,1,0,0,11.5032,0,1]},
{"frame":7,"values":[1,0,0,0,0,1,0,0,0,0,1,0,0,11.5033,0,1]},
{"frame":10,"values":[1,0,0,0,0,1,0,0,0,0,1,0,0,11.5032,0,1]},
{"frame":15,"values":[1,0,0,0,0,1,0,0,0,0,1,0,0,11.5033,0,1]},
{"frame":16,"values":[1,0,0,0,0,1,0,0,0,0,1,0,0,11.5032,0,1]},
{"frame":17,"values":[1,0,0,0,0,1,0,0,0,0,1,0,0,11.5033,0,1]},
{"frame":18,"values":[1,0,0,0,0,1,0,0,0,0,1,0,0,11.5032,0,1]},
{"frame":19,"values":[1,0,0,0,0,1,0,0,0,0,1,0,0,11.5033,0,1]},
{"frame":20,"values":[1,0,0,0,0,1,0,0,0,0,1,0,0,11.5032,0,1]},
{"frame":25,"values":[1,0,0,0,0,1,0,0,0,0,1,0,0,11.5033,0,1]},
{"frame":28,"values":[1,0,0,0,0,1,0,0,0,0,1,0,0,11.5032,0,1]},
{"frame":32,"values":[1,0,0,0,0,1,0,0,0,0,1,0,0,11.5033,0,1]},
{"frame":33,"values":[1,0,0,0,0,1,0,0,0,0,1,0,0,11.5032,0,1]},
{"frame":41,"values":[0.7618,0,-0.6478,0,0,1,0,0,0.6478,0,0.7618,0,0,11.5032,0,1]},
{"frame":42,"values":[0.7487,0,-0.6629,0,0,1,0,0,0.6629,0,0.7487,0,0,11.5032,0,1]},
{"frame":43,"values":[0.7178,0,-0.6962,0,0,1,0,0,0.6962,0,0.7178,0,0,11.5032,0,1]},
{"frame":44,"values":[0.7019,0,-0.7122,0,0,1,0,0,0.7122,0,0.7019,0,0,11.5032,0,1]},
{"frame":45,"values":[0.7936,0,-0.6085,0,0,1,0,0,0.6085,0,0.7936,0,0,11.5032,0,1]},
{"frame":46,"values":[0.9336,0,-0.3583,0,0,1,0,0,0.3583,0,0.9336,0,0,11.5033,0,1]},
{"frame":47,"values":[0.9717,0,-0.2361,0,0,1,0,0,0.2361,0,0.9717,0,0,11.5033,0,1]},
{"frame":48,"values":[0.9715,0,-0.2368,0,0,1,0,0,0.2368,0,0.9715,0,0,11.5032,0,1]},
{"frame":49,"values":[0.971,0,-0.2391,0,0,1,0,0,0.2391,0,0.971,0,0,11.5032,0,1]},
{"frame":50,"values":[0.9703,0,-0.2419,0,0,1,0,0,0.2419,0,0.9703,0,0,11.5032,0,1]},
{"frame":51,"values":[0.9852,0,-0.1716,0,0,1,0,0,0.1716,0,0.9852,0,0,11.5032,0,1]},
{"frame":52,"values":[1,0,-0.0005,0,0,1,0,0,0.0005,0,1,0,0,11.5032,0,1]},
{"frame":53,"values":[0.9949,0,0.1008,0,0,1,0,0,-0.1008,0,0.9949,0,0,11.5033,0,1]},
{"frame":54,"values":[0.9925,0,0.1223,0,0,1,0,0,-0.1223,0,0.9925,0,0,11.5033,0,1]},
{"frame":55,"values":[0.9916,0,0.1297,0,0,1,0,0,-0.1297,0,0.9916,0,0,11.5032,0,1]},
{"frame":56,"values":[0.9916,0,0.1291,0,0,1,0,0,-0.1291,0,0.9916,0,0,11.5032,0,1]},
{"frame":57,"values":[0.9967,0,0.0811,0,0,1,0,0,-0.0811,0,0.9967,0,0,11.5032,0,1]},
{"frame":58,"values":[0.9992,0,-0.0407,0,0,1,0,0,0.0407,0,0.9992,0,0,11.5032,0,1]},
{"frame":59,"values":[0.9879,0,-0.1552,0,0,1,0,0,0.1552,0,0.9879,0,0,11.5032,0,1]},
{"frame":60,"values":[0.9694,0,-0.2455,0,0,1,0,0,0.2455,0,0.9694,0,0,11.5032,0,1]},
{"frame":61,"values":[0.9411,0,-0.3381,0,0,1,0,0,0.3381,0,0.9411,0,0,11.5032,0,1]},
{"frame":62,"values":[0.9038,0,-0.4279,0,0,1,0,0,0.4279,0,0.9038,0,0,11.5032,0,1]},
{"frame":63,"values":[0.8491,0,-0.5282,0,0,1,0,0,0.5282,0,0.8491,0,0,11.5033,0,1]},
{"frame":64,"values":[0.7864,0,-0.6177,0,0,1,0,0,0.6177,0,0.7864,0,0,11.5032,0,1]},
{"frame":65,"values":[0.7618,0,-0.6478,0,0,1,0,0,0.6478,0,0.7618,0,0,11.5032,0,1]},
{"frame":71,"values":[1,0,0,0,0,1,0,0,0,0,1,0,0,11.5032,0,1]},
{"frame":75,"values":[1,0,0,0,0,1,0,0,0,0,1,0,0,11.5032,0,1]}],"loopBehavior":1,"name":"anim","property":"_matrix"}},
{"name":"DEF-forearm.01.L","index":7,"matrix":[0.98,-0.0341,0.1961,0,0.0017,0.9866,0.163,0,-0.199,-0.1595,0.9669,0,0,11.5032,0,1],"rest":[0.98,-0.0341,0.1961,0,0.0017,0.9866,0.163,0,-0.199,-0.1595,0.9669,0,0,11.5032,0,1],"parentBoneIndex":6,"length":11.9384
,"animation":{"dataType":3,"framePerSecond":24,"keys":[
{"frame":1,"values":[0.98,-0.0341,0.1961,0,0.0017,0.9866,0.163,0,-0.199,-0.1595,0.9669,0,0,11.5032,0,1]},
{"frame":2,"values":[0.98,-0.0341,0.1961,0,0.0017,0.9866,0.163,0,-0.199,-0.1595,0.9669,0,0,11.5033,0,1]},
{"frame":3,"values":[0.98,-0.0341,0.1961,0,0.0017,0.9866,0.163,0,-0.199,-0.1595,0.9669,0,0,11.5032,0,1]},
{"frame":11,"values":[0.98,-0.0341,0.1961,0,0.0017,0.9866,0.163,0,-0.199,-0.1595,0.9669,0,0,11.5033,0,1]},
{"frame":12,"values":[0.98,-0.0341,0.1961,0,0.0017,0.9866,0.163,0,-0.199,-0.1595,0.9669,0,0,11.5032,0,1]},
{"frame":13,"values":[0.98,-0.0341,0.1961,0,0.0017,0.9866,0.163,0,-0.199,-0.1595,0.9669,0,0,11.5033,0,1]},
{"frame":14,"values":[0.98,-0.0341,0.1961,0,0.0017,0.9866,0.163,0,-0.199,-0.1595,0.9669,0,0,11.5032,0,1]},
{"frame":16,"values":[0.98,-0.0341,0.1961,0,0.0017,0.9866,0.163,0,-0.199,-0.1595,0.9669,0,0,11.5033,0,1]},
{"frame":17,"values":[0.98,-0.0341,0.1961,0,0.0017,0.9866,0.163,0,-0.199,-0.1595,0.9669,0,0,11.5032,0,1]},
{"frame":18,"values":[0.98,-0.0341,0.1961,0,0.0017,0.9866,0.163,0,-0.199,-0.1595,0.9669,0,0,11.5033,0,1]},
{"frame":19,"values":[0.98,-0.0341,0.1961,0,0.0017,0.9866,0.163,0,-0.199,-0.1595,0.9669,0,0,11.5032,0,1]},
{"frame":21,"values":[0.98,-0.0341,0.1961,0,0.0017,0.9866,0.163,0,-0.199,-0.1595,0.9669,0,0,11.5033,0,1]},
{"frame":22,"values":[0.98,-0.0341,0.1961,0,0.0017,0.9866,0.163,0,-0.199,-0.1595,0.9669,0,0,11.5032,0,1]},
{"frame":23,"values":[0.98,-0.0341,0.1961,0,0.0017,0.9866,0.163,0,-0.199,-0.1595,0.9669,0,0,11.5033,0,1]},
{"frame":24,"values":[0.98,-0.0341,0.1961,0,0.0017,0.9866,0.163,0,-0.199,-0.1595,0.9669,0,0,11.5032,0,1]},
{"frame":32,"values":[0.98,-0.0341,0.1961,0,0.0017,0.9866,0.163,0,-0.199,-0.1595,0.9669,0,0,11.5033,0,1]},
{"frame":33,"values":[0.98,-0.0341,0.1961,0,0.0017,0.9866,0.163,0,-0.199,-0.1595,0.9669,0,0,11.5032,0,1]},
{"frame":41,"values":[0.98,-0.0341,0.1961,0,-0.0233,0.9588,0.2831,0,-0.1977,-0.282,0.9388,0,0,11.5032,0,1]},
{"frame":42,"values":[0.98,-0.0341,0.1961,0,-0.0137,0.9714,0.2372,0,-0.1986,-0.2351,0.9515,0,0,11.5032,0,1]},
{"frame":43,"values":[0.98,-0.0341,0.1961,0,0.007,0.9905,0.1372,0,-0.1989,-0.133,0.9709,0,0,11.5032,0,1]},
{"frame":44,"values":[0.98,-0.0341,0.1961,0,0.0166,0.9958,0.0899,0,-0.1983,-0.0848,0.9765,0,0,11.5032,0,1]},
{"frame":45,"values":[0.98,-0.0341,0.1961,0,0.0147,0.9949,0.0994,0,-0.1985,-0.0945,0.9755,0,0,11.5033,0,1]},
{"frame":46,"values":[0.98,-0.0341,0.1961,0,0.0057,0.9897,0.1432,0,-0.199,-0.1392,0.9701,0,0,11.5032,0,1]},
{"frame":47,"values":[0.98,-0.0341,0.1961,0,-0.011,0.9745,0.2243,0,-0.1987,-0.222,0.9546,0,0,11.5032,0,1]},
{"frame":48,"values":[0.98,-0.0341,0.1961,0,-0.0422,0.9273,0.372,0,-0.1945,-0.3728,0.9073,0,0,11.5033,0,1]},
{"frame":49,"values":[0.98,-0.0341,0.1961,0,-0.0806,0.8328,0.5476,0,-0.182,-0.5525,0.8134,0,0,11.5032,0,1]},
{"frame":50,"values":[0.98,-0.0341,0.1961,0,-0.0956,0.7837,0.6138,0,-0.1746,-0.6203,0.7647,0,0,11.5032,0,1]},
{"frame":51,"values":[0.98,-0.0341,0.1961,0,-0.0879,0.8099,0.5799,0,-0.1786,-0.5856,0.7907,0,0,11.5032,0,1]},
{"frame":52,"values":[0.98,-0.0341,0.1961,0,-0.0709,0.8608,0.5039,0,-0.186,-0.5078,0.8412,0,0,11.5033,0,1]},
{"frame":53,"values":[0.98,-0.0341,0.1961,0,-0.0628,0.8821,0.4669,0,-0.1889,-0.4698,0.8623,0,0,11.5032,0,1]},
{"frame":54,"values":[0.98,-0.0341,0.1961,0,-0.0689,0.8663,0.4947,0,-0.1867,-0.4984,0.8466,0,0,11.5032,0,1]},
{"frame":55,"values":[0.98,-0.0341,0.1961,0,-0.0818,0.8294,0.5526,0,-0.1815,-0.5576,0.8101,0,0,11.5033,0,1]},
{"frame":56,"values":[0.98,-0.0341,0.1961,0,-0.0876,0.8108,0.5787,0,-0.1787,-0.5843,0.7916,0,0,11.5032,0,1]},
{"frame":57,"values":[0.98,-0.0341,0.1961,0,-0.0745,0.8509,0.52,0,-0.1846,-0.5242,0.8313,0,0,11.5032,0,1]},
{"frame":58,"values":[0.98,-0.0341,0.1961,0,-0.0452,0.9215,0.3857,0,-0.1939,-0.3868,0.9015,0,0,11.5032,0,1]},
{"frame":59,"values":[0.98,-0.0341,0.1961,0,-0.031,0.9471,0.3196,0,-0.1966,-0.3193,0.9271,0,0,11.5032,0,1]},
{"frame":60,"values":[0.98,-0.0341,0.1961,0,-0.0363,0.9381,0.3445,0,-0.1957,-0.3447,0.9181,0,0,11.5032,0,1]},
{"frame":61,"values":[0.98,-0.0341,0.1961,0,-0.0476,0.9166,0.3969,0,-0.1933,-0.3983,0.8967,0,0,11.5032,0,1]},
{"frame":62,"values":[0.98,-0.0341,0.1961,0,-0.0528,0.9056,0.4209,0,-0.1919,-0.4228,0.8856,0,0,11.5032,0,1]},
{"frame":63,"values":[0.98,-0.0341,0.1961,0,-0.0457,0.9204,0.3884,0,-0.1937,-0.3896,0.9004,0,0,11.5032,0,1]},
{"frame":64,"values":[0.98,-0.0341,0.1961,0,-0.0305,0.9479,0.3171,0,-0.1967,-0.3167,0.9279,0,0,11.5032,0,1]},
{"frame":65,"values":[0.98,-0.0341,0.1961,0,-0.0233,0.9588,0.2831,0,-0.1977,-0.282,0.9388,0,0,11.5032,0,1]},
{"frame":71,"values":[0.98,-0.0341,0.1961,0,0.0017,0.9866,0.163,0,-0.199,-0.1595,0.9669,0,0,11.5032,0,1]},
{"frame":75,"values":[0.98,-0.0341,0.1961,0,0.0017,0.9866,0.163,0,-0.199,-0.1595,0.9669,0,0,11.5032,0,1]}],"loopBehavior":1,"name":"anim","property":"_matrix"}},
{"name":"DEF-forearm.02.L","index":8,"matrix":[-0.0563,0,-0.9984,0,0,1,0,0,0.9984,0,-0.0563,0,0,11.9384,0,1],"rest":[-0.0563,0,-0.9984,0,0,1,0,0,0.9984,0,-0.0563,0,0,11.9384,0,1],"parentBoneIndex":7,"length":11.9384
,"animation":{"dataType":3,"framePerSecond":24,"keys":[
{"frame":1,"values":[-0.0563,0,-0.9984,0,0,1,0,0,0.9984,0,-0.0563,0,0,11.9384,0,1]},
{"frame":33,"values":[-0.0563,0,-0.9984,0,0,1,0,0,0.9984,0,-0.0563,0,0,11.9384,0,1]},
{"frame":41,"values":[-0.0563,0,-0.9984,0,0,1,0,0,0.9984,0,-0.0563,0,0,11.9384,0,1]},
{"frame":65,"values":[-0.0563,0,-0.9984,0,0,1,0,0,0.9984,0,-0.0563,0,0,11.9384,0,1]},
{"frame":71,"values":[-0.0563,0,-0.9984,0,0,1,0,0,0.9984,0,-0.0563,0,0,11.9384,0,1]},
{"frame":75,"values":[-0.0563,0,-0.9984,0,0,1,0,0,0.9984,0,-0.0563,0,0,11.9384,0,1]}],"loopBehavior":1,"name":"anim","property":"_matrix"}},
{"name":"DEF-hand.L","index":9,"matrix":[0.9791,-0.2033,-0.0003,0,0.2033,0.9791,0.0027,0,-0.0003,-0.0027,1,0,0,11.9384,0,1],"rest":[0.9791,-0.2033,-0.0003,0,0.2033,0.9791,0.0027,0,-0.0003,-0.0027,1,0,0,11.9384,0,1],"parentBoneIndex":8,"length":6.6218
,"animation":{"dataType":3,"framePerSecond":24,"keys":[
{"frame":1,"values":[0.9791,-0.2033,-0.0003,0,0.2033,0.9791,0.0027,0,-0.0003,-0.0027,1,0,0,11.9384,0,1]},
